Head Pose,Left Arm Pose,Right Arm Pose
"[[0.0, 0.0, 0.0, 0.0], [0.0, 0.0, 0.0, 0.0], [0.0, 0.0, 0.0, 0.0], [0.0, 0.0, 0.0, 0.0]]","[[0.0, 0.0, 0.0, 0.0], [0.0, 0.0, 0.0, 0.0], [0.0, 0.0, 0.0, 0.0], [0.0, 0.0, 0.0, 0.0]]","[[0.0, 0.0, 0.0, 0.0], [0.0, 0.0, 0.0, 0.0], [0.0, 0.0, 0.0, 0.0], [0.0, 0.0, 0.0, 0.0]]"
"[[0.847998304005088, 0.32982091628272336, -0.4148699068225112, -0.5000000000000001], [0.0, 0.7827749746443304, 0.6223048602337666, 0.7499999999999999], [0.5299989400031799, -0.5277134660523575, 0.663791850916018, 0.8000000000000002], [0.0, 0.0, 0.0, 1.0]]","[[0.0, 0.0, 0.0, 0.0], [0.0, 0.0, 0.0, 0.0], [0.0, 0.0, 0.0, 0.0], [0.0, 0.0, 0.0, 0.0]]","[[0.0, 0.0, 0.0, 0.0], [0.0, 0.0, 0.0, 0.0], [0.0, 0.0, 0.0, 0.0], [0.0, 0.0, 0.0, 0.0]]"
"[[1.0, 0.0, 0.0, 0.0], [0.0, 1.0, 0.0, 0.0], [0.0, 0.0, 1.0, 0.0], [0.0, 0.0, 0.0, 1.0]]","[[0.0, 0.0, 0.0, 0.0], [0.0, 0.0, 0.0, 0.0], [0.0, 0.0, 0.0, 0.0], [0.0, 0.0, 0.0, 0.0]]","[[0.0, 0.0, 0.0, 0.0], [0.0, 0.0, 0.0, 0.0], [0.0, 0.0, 0.0, 0.0], [0.0, 0.0, 0.0, 0.0]]"
"[[0.991277158012322, 0.04727143713608807, 0.1230244991761686, 0.06013307609617102], [-0.028849878223981197, 0.988652526779747, -0.14742427654538254, -0.01206601295555245], [-0.1285974400657176, 0.14258908145155838, 0.9813923844078056, 0.18613750670880763], [0.0, 0.0, 0.0, 1.0]]","[[0.0, 0.0, 0.0, 0.0], [0.0, 0.0, 0.0, 0.0], [0.0, 0.0, 0.0, 0.0], [0.0, 0.0, 0.0, 0.0]]","[[0.0, 0.0, 0.0, 0.0], [0.0, 0.0, 0.0, 0.0], [0.0, 0.0, 0.0, 0.0], [0.0, 0.0, 0.0, 0.0]]"
"[[0.9995701909285868, 0.029271651827725932, 0.0016088779092155465, 5.659371816345861e-05], [-0.028695847070780246, 0.9881833191940087, -0.15056662030381754, 1.1368482395104103], [-0.005997200030056382, 0.15045574538546017, 0.9885985258761187, -0.01860998181390669], [0.0, 0.0, 0.0, 1.0]]","[[0.0, 0.0, 0.0, 0.0], [0.0, 0.0, 0.0, 0.0], [0.0, 0.0, 0.0, 0.0], [0.0, 0.0, 0.0, 0.0]]","[[0.0, 0.0, 0.0, 0.0], [0.0, 0.0, 0.0, 0.0], [0.0, 0.0, 0.0, 0.0], [0.0, 0.0, 0.0, 0.0]]"
"[[0.9995556473935416, 0.029673705544821825, 0.002820559687906383, 0.0004201913925083529], [-0.028906022462494768, 0.9880729314665803, -0.15124913867078033, 1.1368158369125676], [-0.007275041049352409, 0.1511003989402274, 0.9884916546756931, -0.01883606887277162], [0.0, 0.0, 0.0, 1.0]]","[[0.7036827206611633, -0.6835573315620422, -0.1938558667898178, -0.23654954135417938], [0.25645697116851807, 0.49880045652389526, -0.8279057741165161, 0.8945979475975037], [0.6626164317131042, 0.5328673124313354, 0.5263002514839172, -0.23848222196102142], [0.0, 0.0, 0.0, 1.0]]","[[0.5499017238616943, 0.8281437158584595, 0.1085631251335144, 0.1499594897031784], [-0.2210066169500351, 0.26962000131607056, -0.9372624754905701, 0.8694140911102295], [-0.8054589033126831, 0.4914090633392334, 0.33128979802131653, -0.27546143531799316], [0.0, 0.0, 0.0, 1.0]]"
"[[0.9993766546194338, 0.03508362529821907, 0.003933521011191067, 0.0023238821973237973], [-0.034131705928368256, 0.988658249814089, -0.14625269465663465, 1.136069387772181], [-0.00901998297749216, 0.14602726406834107, 0.9892394538389615, -0.020681476140165682], [0.0, 0.0, 0.0, 1.0]]","[[0.6998471021652222, -0.6894793510437012, -0.18663379549980164, -0.23671561479568481], [0.26293110847473145, 0.49160367250442505, -0.8301764726638794, 0.8932945728302002], [0.664139449596405, 0.5319247245788574, 0.5253329873085022, -0.23710408806800842], [0.0, 0.0, 0.0, 1.0]]","[[0.5398112535476685, 0.8345707654953003, 0.10997871309518814, 0.15043267607688904], [-0.2389504313468933, 0.27719324827194214, -0.9306268095970154, 0.8679540157318115], [-0.807159423828125, 0.47608327865600586, 0.34905317425727844, -0.2740504741668701], [0.0, 0.0, 0.0, 1.0]]"
"[[0.9992986322030903, 0.03723315292353426, 0.003986004955944356, 0.00325225859915446], [-0.036286542626669104, 0.9891400931115746, -0.14242595322020676, 1.135586563980881], [-0.009245684620115227, 0.14218142740837914, 0.9897974135078054, -0.021847892964464245], [0.0, 0.0, 0.0, 1.0]]","[[0.7042185068130493, -0.684314489364624, -0.18918193876743317, -0.23676922917366028], [0.25842317938804626, 0.4952397644519806, -0.8294304013252258, 0.892659068107605], [0.6612817645072937, 0.5352112054824829, 0.5255998373031616, -0.2373141050338745], [0.0, 0.0, 0.0, 1.0]]","[[0.5350541472434998, 0.8378928303718567, 0.10794737935066223, 0.1501687467098236], [-0.2367125153541565, 0.2713475525379181, -0.932918906211853, 0.8676038980484009], [-0.8109773397445679, 0.4736096262931824, 0.34352537989616394, -0.27424395084381104], [0.0, 0.0, 0.0, 1.0]]"
"[[0.9992248415921933, 0.03910950181649316, 0.0044895884909008825, 0.0039021207980031395], [-0.03809545206262484, 0.9894015189976614, -0.14011919280771837, 1.1352668023466115], [-0.009921997380229355, 0.13983954706902882, 0.9901244643412311, -0.022861616182125663], [0.0, 0.0, 0.0, 1.0]]","[[0.7038294672966003, -0.6842220425605774, -0.19095587730407715, -0.23620718717575073], [0.2633080780506134, 0.5009456872940063, -0.8244526386260986, 0.8923037648200989], [0.6597672700881958, 0.5299937725067139, 0.5327416062355042, -0.23673859238624573], [0.0, 0.0, 0.0, 1.0]]","[[0.5333030223846436, 0.8394781351089478, 0.10423138737678528, 0.15018033981323242], [-0.23801907896995544, 0.26715096831321716, -0.9337970614433289, 0.865858793258667], [-0.8117478489875793, 0.473187655210495, 0.34228432178497314, -0.27562177181243896], [0.0, 0.0, 0.0, 1.0]]"
"[[0.999154984953989, 0.04081156108931888, 0.004866057668029841, 0.004419064576152917], [-0.03974776710911409, 0.9895970227825905, -0.13826735497666967, 1.1350268228395002], [-0.010458342604190535, 0.13795710920141566, 0.9903829691275594, -0.023835409532440184], [0.0, 0.0, 0.0, 1.0]]","[[0.7032675743103027, -0.6843634247779846, -0.19251331686973572, -0.23610693216323853], [0.2621832489967346, 0.5013739466667175, -0.8245508074760437, 0.8919858932495117], [0.6608136296272278, 0.5294061303138733, 0.5320286750793457, -0.23696967959403992], [0.0, 0.0, 0.0, 1.0]]","[[0.5310792922973633, 0.8415459394454956, 0.09876734763383865, 0.15001460909843445], [-0.2483629435300827, 0.26605066657066345, -0.9314142465591431, 0.86539626121521], [-0.8101052045822144, 0.47012460231781006, 0.35030296444892883, -0.2756367027759552], [0.0, 0.0, 0.0, 1.0]]"
"[[0.9990829229669266, 0.04248592701920114, 0.0053153668180975396, 0.004865944946285798], [-0.041372086133875045, 0.9898762694385991, -0.13576948039901374, 1.1347003815331551], [-0.011029847746255692, 0.135425067015766, 0.9907261737493467, -0.02493154649039289], [0.0, 0.0, 0.0, 1.0]]","[[0.7035120725631714, -0.683333158493042, -0.19525998830795288, -0.23610708117485046], [0.25928470492362976, 0.5026021599769592, -0.8247196078300476, 0.8916197419166565], [0.6616963744163513, 0.5295722484588623, 0.5307645797729492, -0.23737750947475433], [0.0, 0.0, 0.0, 1.0]]","[[0.5354663729667664, 0.8387154936790466, 0.09915623813867569, 0.15013611316680908], [-0.24501939117908478, 0.2666299343109131, -0.9321339726448059, 0.864795982837677], [-0.8082333207130432, 0.47483110427856445, 0.34827300906181335, -0.27628093957901], [0.0, 0.0, 0.0, 1.0]]"
"[[0.9990389347631449, 0.04344465710202793, 0.005809546147585773, 0.005036055111359892], [-0.042280102744897796, 0.9901288143232913, -0.1336312979976185, 1.1343990811606748], [-0.011557765140085552, 0.13325724596581395, 0.9910140641541021, -0.02569387944150019], [0.0, 0.0, 0.0, 1.0]]","[[0.7066119313240051, -0.68056321144104, -0.19373483955860138, -0.23535148799419403], [0.26244503259658813, 0.5063269138336182, -0.8214349150657654, 0.8916735649108887], [0.6571316719055176, 0.529590904712677, 0.5363871455192566, -0.23721686005592346], [0.0, 0.0, 0.0, 1.0]]","[[0.5392089486122131, 0.8360068202018738, 0.10171613842248917, 0.15031114220619202], [-0.24227163195610046, 0.26965421438217163, -0.931982159614563, 0.8636797666549683], [-0.8065717816352844, 0.47789010405540466, 0.3479408025741577, -0.277177631855011], [0.0, 0.0, 0.0, 1.0]]"
"[[0.9990339279512283, 0.04348919979817307, 0.006317983377203507, 0.005074014397215882], [-0.042271121669941736, 0.9902908797697627, -0.13242765957928265, 1.1342428978134202], [-0.012015814431533059, 0.1320326507606449, 0.9911725525108779, -0.02631325078675123], [0.0, 0.0, 0.0, 1.0]]","[[0.7057187557220459, -0.6799124479293823, -0.19919824600219727, -0.2356395125389099], [0.2578529417514801, 0.5083593130111694, -0.8216339945793152, 0.8917115926742554], [0.6599035859107971, 0.5284785628318787, 0.5340762138366699, -0.23799428343772888], [0.0, 0.0, 0.0, 1.0]]","[[0.5375921726226807, 0.8371957540512085, 0.1004878506064415, 0.15031766891479492], [-0.24634474515914917, 0.2699142396450043, -0.9308385252952576, 0.8624173402786255], [-0.8064172267913818, 0.47565680742263794, 0.3513426184654236, -0.2781981825828552], [0.0, 0.0, 0.0, 1.0]]"
"[[0.9990332126919533, 0.04337864058757779, 0.007134094219933713, 0.00503265504932805], [-0.04207223964189533, 0.9904898405295011, -0.13099557198658873, 1.1340656437266181], [-0.012748657408822812, 0.13056878708228192, 0.9913572668513176, -0.027036341457785742], [0.0, 0.0, 0.0, 1.0]]","[[0.7056007385253906, -0.6804301142692566, -0.19784441590309143, -0.23548486828804016], [0.259152889251709, 0.5076496601104736, -0.8216638565063477, 0.891640305519104], [0.6595205068588257, 0.5284945964813232, 0.5345334410667419, -0.23802882432937622], [0.0, 0.0, 0.0, 1.0]]","[[0.5357379913330078, 0.8385042548179626, 0.09947538375854492, 0.15019670128822327], [-0.25541022419929504, 0.27321168780326843, -0.9274270534515381, 0.8620734810829163], [-0.8048294186592102, 0.4714508354663849, 0.3605324923992157, -0.27815964818000793], [0.0, 0.0, 0.0, 1.0]]"
"[[0.9990256429074591, 0.04340668470459936, 0.007973424449931238, 0.004922317218640551], [-0.04200960620445256, 0.9906767015511444, -0.12959497072211051, 1.133909862628093], [-0.013524373702336705, 0.12913374207505438, 0.9915349478300134, -0.027514026754554496], [0.0, 0.0, 0.0, 1.0]]","[[0.706486165523529, -0.6785963177680969, -0.20095816254615784, -0.23566904664039612], [0.25256824493408203, 0.506999671459198, -0.8241118788719177, 0.8914563655853271], [0.661125123500824, 0.5314679145812988, 0.5295801758766174, -0.23864616453647614], [0.0, 0.0, 0.0, 1.0]]","[[0.5389776825904846, 0.8360916972160339, 0.10224243253469467, 0.15021391212940216], [-0.2485409677028656, 0.2738364636898041, -0.9291074275970459, 0.8614784479141235], [-0.8048169016838074, 0.4753566384315491, 0.3553949296474457, -0.2788316309452057], [0.0, 0.0, 0.0, 1.0]]"
"[[0.999011337749539, 0.04359453529520132, 0.008712335387258683, 0.004754416477217096], [-0.04212222635345363, 0.9908688067072832, -0.12808099281836247, 1.1337475529570717], [-0.01421641289255127, 0.12758737909745468, 0.9917254449331008, -0.027933515754514037], [0.0, 0.0, 0.0, 1.0]]","[[0.7087786197662354, -0.6772730946540833, -0.19731676578521729, -0.2355213761329651], [0.25541600584983826, 0.5071173906326294, -0.823161244392395, 0.8913819789886475], [0.6575677990913391, 0.5330411791801453, 0.5324204564094543, -0.23871606588363647], [0.0, 0.0, 0.0, 1.0]]","[[0.5413690209388733, 0.8344974517822266, 0.1026325672864914, 0.15011855959892273], [-0.24779166281223297, 0.27500227093696594, -0.928963303565979, 0.8609951138496399], [-0.8034418225288391, 0.477480411529541, 0.3556593060493469, -0.27926406264305115], [0.0, 0.0, 0.0, 1.0]]"
"[[0.999011337749539, 0.04359453529520132, 0.008712335387258683, 0.004754416477217096], [-0.04212222635345363, 0.9908688067072832, -0.12808099281836247, 1.1337475529570717], [-0.01421641289255127, 0.12758737909745468, 0.9917254449331008, -0.027933515754514037], [0.0, 0.0, 0.0, 1.0]]","[[0.7106028199195862, -0.675925612449646, -0.19536656141281128, -0.23548689484596252], [0.25733110308647156, 0.5081070065498352, -0.8219535946846008, 0.8912814259529114], [0.654846727848053, 0.5338085889816284, 0.5349990129470825, -0.23874329030513763], [0.0, 0.0, 0.0, 1.0]]","[[0.5404826402664185, 0.8347664475440979, 0.10508819669485092, 0.14989227056503296], [-0.24533647298812866, 0.27584412693977356, -0.9293654561042786, 0.8607430458068848], [-0.8047910332679749, 0.4765239357948303, 0.3538875877857208, -0.2795887589454651], [0.0, 0.0, 0.0, 1.0]]"
"[[0.9990382790743317, 0.04257408573494788, 0.010487047008173659, 0.004025901837493002], [-0.040964517302647864, 0.9915626643258858, -0.12298536167800292, 1.133180412015186], [-0.015634553522867967, 0.12243748589098584, 0.9923530818680105, -0.028902956168359018], [0.0, 0.0, 0.0, 1.0]]","[[0.7096517086029053, -0.6765216588973999, -0.19675599038600922, -0.23582258820533752], [0.2579580843448639, 0.5093603134155273, -0.820980966091156, 0.8910475969314575], [0.6556311249732971, 0.5318557620048523, 0.535982608795166, -0.23902703821659088], [0.0, 0.0, 0.0, 1.0]]","[[0.5375917553901672, 0.8368196487426758, 0.10357561707496643, 0.14949950575828552], [-0.24790027737617493, 0.27426081895828247, -0.929153561592102, 0.8603113293647766], [-0.8059407472610474, 0.47382885217666626, 0.3548882305622101, -0.2802170515060425], [0.0, 0.0, 0.0, 1.0]]"
"[[0.9990342259725148, 0.04247527640311999, 0.011245033881647735, 0.003716035093417824], [-0.04080121893436626, 0.9917757511359118, -0.12130997372938629, 1.1330581654819711], [-0.016305226654724912, 0.12073400573657515, 0.9925509690692857, -0.028900161376249123], [0.0, 0.0, 0.0, 1.0]]","[[0.7103078365325928, -0.6746803522109985, -0.20067182183265686, -0.23629391193389893], [0.25447574257850647, 0.5119451284408569, -0.8204596638679504, 0.8908858299255371], [0.656281054019928, 0.5317127704620361, 0.5353284478187561, -0.23916427791118622], [0.0, 0.0, 0.0, 1.0]]","[[0.5381255745887756, 0.8361597657203674, 0.10610142350196838, 0.1492830514907837], [-0.24404142796993256, 0.2750585973262787, -0.929938793182373, 0.8601550459861755], [-0.8067616820335388, 0.47453057765960693, 0.3520738184452057, -0.2806602120399475], [0.0, 0.0, 0.0, 1.0]]"
"[[0.9990298747778273, 0.04228166039444625, 0.012312644633767161, 0.0033216260741419073], [-0.04051763643167795, 0.9920484422565868, -0.11915618808507546, 1.1328716048358853], [-0.017252861980977495, 0.11854171125650781, 0.9927991630001761, -0.028558564242856143], [0.0, 0.0, 0.0, 1.0]]","[[0.7138432264328003, -0.6724754571914673, -0.19545991718769073, -0.23662574589252472], [0.258605033159256, 0.5125080943107605, -0.8188154101371765, 0.8903785943984985], [0.6508080959320068, 0.5339588522911072, 0.5397560000419617, -0.23927725851535797], [0.0, 0.0, 0.0, 1.0]]","[[0.5330721139907837, 0.8392976522445679, 0.10683367401361465, 0.14858129620552063], [-0.2563924491405487, 0.2805819809436798, -0.9249521493911743, 0.859944760799408], [-0.8062858581542969, 0.4656747877597809, 0.3647601008415222, -0.2812805771827698], [0.0, 0.0, 0.0, 1.0]]"
"[[0.9990199804881258, 0.0422838194501889, 0.013082125440207332, 0.003033179731287358], [-0.040461762415121776, 0.9922692774725115, -0.11732231788440128, 1.1327332264545622], [-0.01794182673844973, 0.11667801476912122, 0.993007719557803, -0.028024999402433564], [0.0, 0.0, 0.0, 1.0]]","[[0.7138432264328003, -0.6724754571914673, -0.19545991718769073, -0.23662574589252472], [0.258605033159256, 0.5125080943107605, -0.8188154101371765, 0.8903785943984985], [0.6508080959320068, 0.5339588522911072, 0.5397560000419617, -0.23927725851535797], [0.0, 0.0, 0.0, 1.0]]","[[0.5330721139907837, 0.8392976522445679, 0.10683367401361465, 0.14858129620552063], [-0.2563924491405487, 0.2805819809436798, -0.9249521493911743, 0.859944760799408], [-0.8062858581542969, 0.4656747877597809, 0.3647601008415222, -0.2812805771827698], [0.0, 0.0, 0.0, 1.0]]"
"[[0.9990144967704555, 0.04189110464192178, 0.014670277036264714, 0.0021753835963489927], [-0.03996765324138855, 0.9927726387980227, -0.11315942524942639, 1.1324914188993598], [-0.019304623805448236, 0.11246156723228207, 0.993468523060181, -0.02532118410343593], [0.0, 0.0, 0.0, 1.0]]","[[0.7145382761955261, -0.6675837635993958, -0.20920540392398834, -0.23797419667243958], [0.24093592166900635, 0.5155653953552246, -0.8222785592079163, 0.8899002075195312], [0.6567989587783813, 0.5371443629264832, 0.5292361974716187, -0.24071098864078522], [0.0, 0.0, 0.0, 1.0]]","[[0.5131894946098328, 0.8471322059631348, 0.1378527581691742, 0.14847815036773682], [-0.2795863151550293, 0.3168582022190094, -0.9063289165496826, 0.8602877259254456], [-0.8114603161811829, 0.4265766143798828, 0.3994549810886383, -0.2823827862739563], [0.0, 0.0, 0.0, 1.0]]"
"[[0.9990129470852602, 0.04150838046613634, 0.01581905954330178, 0.0018546606130628506], [-0.03946698070224822, 0.9928418994347933, -0.11272697191274167, 1.1324923044005724], [-0.020384939529011534, 0.11199137527906897, 0.9935000538388259, -0.02401765275580764], [0.0, 0.0, 0.0, 1.0]]","[[0.714070200920105, -0.6674427390098572, -0.21124351024627686, -0.23804868757724762], [0.2397795468568802, 0.5166672468185425, -0.8219249248504639, 0.8902267813682556], [0.6577304601669312, 0.536260187625885, 0.5289759039878845, -0.24098128080368042], [0.0, 0.0, 0.0, 1.0]]","[[0.5082070231437683, 0.8471227884292603, 0.1552693396806717, 0.14901599287986755], [-0.2775343954563141, 0.3317563533782959, -0.9016165137290955, 0.8603647351264954], [-0.8152914643287659, 0.41511523723602295, 0.4037066400051117, -0.28328248858451843], [0.0, 0.0, 0.0, 1.0]]"
"[[0.998997747893792, 0.04093549752217371, 0.01810593919697055, 0.0014155197218174362], [-0.03863036653417507, 0.992819070918889, -0.1132166617491993, 1.132680793859595], [-0.022610502151224517, 0.11240374958722266, 0.9934053420041516, -0.022041517237870137], [0.0, 0.0, 0.0, 1.0]]","[[0.7128530740737915, -0.6667231917381287, -0.21753306686878204, -0.2379051297903061], [0.23340682685375214, 0.5180429220199585, -0.8228928446769714, 0.8908547759056091], [0.6613332629203796, 0.5358279347419739, 0.5249062776565552, -0.24092483520507812], [0.0, 0.0, 0.0, 1.0]]","[[0.5146297812461853, 0.8401510715484619, 0.1711786687374115, 0.1489107459783554], [-0.28383755683898926, 0.35532230138778687, -0.8906076550483704, 0.8615292906761169], [-0.8090687394142151, 0.4097461998462677, 0.4213259816169739, -0.28305408358573914], [0.0, 0.0, 0.0, 1.0]]"
"[[0.9988833069626253, 0.04204244481214228, 0.021555276788073924, 0.0006969908732039473], [-0.03927776647917092, 0.9925091271445089, -0.11568434931667161, 1.1330981726475438], [-0.026257462599080652, 0.11470851651994883, 0.993052124512367, -0.018561110030507682], [0.0, 0.0, 0.0, 1.0]]","[[0.7140876650810242, -0.6631599068641663, -0.2242717295885086, -0.2379998117685318], [0.2261057198047638, 0.5216744542121887, -0.8226372003555298, 0.8914600610733032], [0.6625367999076843, 0.5367259383201599, 0.5224655270576477, -0.24056163430213928], [0.0, 0.0, 0.0, 1.0]]","[[0.5178315043449402, 0.8367644548416138, 0.1779765486717224, 0.1472681611776352], [-0.2898339331150055, 0.36733919382095337, -0.8837749361991882, 0.8645102977752686], [-0.8048892617225647, 0.4060628414154053, 0.4327425956726074, -0.28175386786460876], [0.0, 0.0, 0.0, 1.0]]"
"[[0.9988474846524639, 0.04207367252947579, 0.02309688535728824, 0.0004412394716380409], [-0.03911040547846071, 0.9924259781341078, -0.11645183733519399, 1.1332827366470055], [-0.027821505617114196, 0.11541429885808145, 0.9929277300625928, -0.01726597740642223], [0.0, 0.0, 0.0, 1.0]]","[[0.7143794298171997, -0.6619765758514404, -0.22682364284992218, -0.2379738837480545], [0.22515156865119934, 0.5243538022041321, -0.8211941123008728, 0.8920809030532837], [0.6625471711158752, 0.5355744361877441, 0.5236327052116394, -0.24012276530265808], [0.0, 0.0, 0.0, 1.0]]","[[0.5175660252571106, 0.8361133337020874, 0.18176811933517456, 0.1465853452682495], [-0.29569387435913086, 0.37412476539611816, -0.8789741396903992, 0.8658130764961243], [-0.8029260635375977, 0.40117934346199036, 0.44086799025535583, -0.28102776408195496], [0.0, 0.0, 0.0, 1.0]]"
"[[0.9987685680415205, 0.04204921081922715, 0.026328758976866536, -9.016829924307624e-05], [-0.038664791432397934, 0.9922612906604635, -0.11799369856842828, 1.133578790294204], [-0.031086551316569504, 0.11683040007821245, 0.9926652311114632, -0.014597819694957763], [0.0, 0.0, 0.0, 1.0]]","[[0.7171691656112671, -0.6601668000221252, -0.22326673567295074, -0.23752418160438538], [0.22821660339832306, 0.5251823663711548, -0.819817304611206, 0.8930553793907166], [0.6584720611572266, 0.536994457244873, 0.5273057222366333, -0.23826754093170166], [0.0, 0.0, 0.0, 1.0]]","[[0.5229781270027161, 0.8314688205718994, 0.18749196827411652, 0.14516498148441315], [-0.29107367992401123, 0.38096874952316284, -0.8775754570960999, 0.8681562542915344], [-0.8011053800582886, 0.40437862277030945, 0.441257119178772, -0.28007233142852783], [0.0, 0.0, 0.0, 1.0]]"
"[[0.9986633658401534, 0.04143679110641578, 0.030893788049769645, -0.0008243243844477487], [-0.037434444145010896, 0.9920123818856834, -0.12045787540395506, 1.1340094760362778], [-0.03563840656464076, 0.11914037647526021, 0.9922376271742762, -0.011100138742274137], [0.0, 0.0, 0.0, 1.0]]","[[0.7152266502380371, -0.6626644730567932, -0.22209587693214417, -0.2377563714981079], [0.23000656068325043, 0.5232611894607544, -0.8205452561378479, 0.8934630751609802], [0.6599603891372681, 0.5357922315597534, 0.526667594909668, -0.23722878098487854], [0.0, 0.0, 0.0, 1.0]]","[[0.5224086046218872, 0.8305138945579529, 0.19322426617145538, 0.14451979100704193], [-0.29379698634147644, 0.38804295659065247, -0.8735591769218445, 0.8695234656333923], [-0.8004825115203857, 0.3995859622955322, 0.44671961665153503, -0.2793635427951813], [0.0, 0.0, 0.0, 1.0]]"
"[[0.9985802174092502, 0.04029672557527489, 0.03483848054251628, -0.001503948643325289], [-0.03578375687783295, 0.9919266107777698, -0.12165981773349709, 1.1342531860369836], [-0.039459707547808164, 0.12024043258216915, 0.9919602867433057, -0.00822014755797032], [0.0, 0.0, 0.0, 1.0]]","[[0.7153454422950745, -0.6636403203010559, -0.2187742292881012, -0.23816314339637756], [0.23317770659923553, 0.5218462944030762, -0.8205511569976807, 0.8942217230796814], [0.6587175130844116, 0.5359641313552856, 0.5280466079711914, -0.23524513840675354], [0.0, 0.0, 0.0, 1.0]]","[[0.5185281038284302, 0.8306729197502136, 0.2027582973241806, 0.143821120262146], [-0.3021848499774933, 0.3998507261276245, -0.8653342723846436, 0.8710355162620544], [-0.7998829483985901, 0.38742953538894653, 0.4583507180213928, -0.27838000655174255], [0.0, 0.0, 0.0, 1.0]]"
"[[0.99846053120862, 0.038983786801610645, 0.03945712432094646, -0.002186859497361143], [-0.03388745864221032, 0.9918930531882506, -0.12247367263060224, 1.1345067112226248], [-0.04391173586419985, 0.12094802349585884, 0.9916871189095591, -0.005295769770633684], [0.0, 0.0, 0.0, 1.0]]","[[0.71487957239151, -0.6652490496635437, -0.21538524329662323, -0.2386806607246399], [0.23659677803516388, 0.519981324672699, -0.8207565546035767, 0.8949419260025024], [0.6580038666725159, 0.5357826352119446, 0.5291198492050171, -0.2332472801208496], [0.0, 0.0, 0.0, 1.0]]","[[0.5188353061676025, 0.8277550339698792, 0.21361494064331055, 0.1430073082447052], [-0.2955506145954132, 0.40815410017967224, -0.8637475371360779, 0.872843325138092], [-0.802159309387207, 0.3850085735321045, 0.45640838146209717, -0.27795183658599854], [0.0, 0.0, 0.0, 1.0]]"
"[[0.9982883930318636, 0.03750220014216, 0.044876012706459356, -0.0028721184327681897], [-0.031785081341251825, 0.9920274608782339, -0.12194782726940642, 1.1347327665288351], [-0.049091547972261104, 0.12031271822276599, 0.9915214783420461, -0.002250603306271453], [0.0, 0.0, 0.0, 1.0]]","[[0.7138661742210388, -0.66704261302948, -0.2131882607936859, -0.23921968042850494], [0.23942263424396515, 0.5185685157775879, -0.8208309412002563, 0.8954527378082275], [0.6580819487571716, 0.5349212884902954, 0.5298936367034912, -0.23117071390151978], [0.0, 0.0, 0.0, 1.0]]","[[0.517719030380249, 0.8253595232963562, 0.2252744734287262, 0.14235466718673706], [-0.2921310365200043, 0.4180230498313904, -0.8601837158203125, 0.8742259740829468], [-0.8041307926177979, 0.37952375411987305, 0.4575316607952118, -0.27757489681243896], [0.0, 0.0, 0.0, 1.0]]"
"[[0.9979810118166972, 0.03636404416983508, 0.052072487305351696, -0.0036789884504538867], [-0.02981658548588371, 0.9921540019075025, -0.12141429373843543, 1.135081598020323], [-0.05607904167895653, 0.1196165408767952, 0.9912350777229186, 0.0016497060383116255], [0.0, 0.0, 0.0, 1.0]]","[[0.713109016418457, -0.667922854423523, -0.21296575665473938, -0.2415659874677658], [0.2405329942703247, 0.5184468030929565, -0.8205829858779907, 0.895942211151123], [0.65849769115448, 0.533939778804779, 0.5303666591644287, -0.22857804596424103], [0.0, 0.0, 0.0, 1.0]]","[[0.5129645466804504, 0.8215447664260864, 0.24886035919189453, 0.14103737473487854], [-0.2857019901275635, 0.4367767870426178, -0.8529948592185974, 0.8770557045936584], [-0.809469997882843, 0.36645612120628357, 0.4587680399417877, -0.2774607539176941], [0.0, 0.0, 0.0, 1.0]]"
"[[0.9976995586892075, 0.035393132926882474, 0.057818114397889246, -0.004322167092513005], [-0.028090129507719313, 0.9920624494127406, -0.12256864398950598, 1.1354705035403643], [-0.06169726735555544, 0.12066256314283337, 0.9907744527807323, 0.004807624522628671], [0.0, 0.0, 0.0, 1.0]]","[[0.7148932218551636, -0.665798008441925, -0.2136366367340088, -0.24295157194137573], [0.24144916236400604, 0.5217891931533813, -0.8181921243667603, 0.8960020542144775], [0.6562240123748779, 0.5333375930786133, 0.5337799191474915, -0.22756922245025635], [0.0, 0.0, 0.0, 1.0]]","[[0.5154190063476562, 0.818107545375824, 0.25503572821617126, 0.14052924513816833], [-0.2827867865562439, 0.44332048296928406, -0.8505871295928955, 0.8782129883766174], [-0.8089343905448914, 0.3662880063056946, 0.4598458409309387, -0.27772486209869385], [0.0, 0.0, 0.0, 1.0]]"
"[[0.9974193574488609, 0.03517560718230117, 0.06258810511807765, -0.004915978814783357], [-0.027183418519579252, 0.9918783310252531, -0.12425133860252197, 1.1357918249813155], [-0.06645040013809847, 0.12222932749845705, 0.9902749056876956, 0.007861542647135924], [0.0, 0.0, 0.0, 1.0]]","[[0.7157886624336243, -0.6663895845413208, -0.20873762667179108, -0.24409255385398865], [0.2516472041606903, 0.5249820947647095, -0.813060462474823, 0.8956902027130127], [0.6513986587524414, 0.5294511914253235, 0.5434713363647461, -0.2264440357685089], [0.0, 0.0, 0.0, 1.0]]","[[0.5196386575698853, 0.8135010004043579, 0.2611353099346161, 0.13978305459022522], [-0.2881217896938324, 0.45458799600601196, -0.842814028263092, 0.8798520565032959], [-0.8043391108512878, 0.36271992325782776, 0.4706089198589325, -0.2768592834472656], [0.0, 0.0, 0.0, 1.0]]"
"[[0.9971937535689714, 0.03455964910559575, 0.06640986861627221, -0.005398324145131099], [-0.025993458305073564, 0.9917178152549974, -0.12577807805052277, 1.1359860923777982], [-0.07020669667084103, 0.1236988911915732, 0.9898331168149633, 0.010861018417387423], [0.0, 0.0, 0.0, 1.0]]","[[0.717515766620636, -0.665413498878479, -0.20590253174304962, -0.24500486254692078], [0.26070645451545715, 0.5306747555732727, -0.8064839243888855, 0.8956146240234375], [0.6459126472473145, 0.5249847769737244, 0.5542451739311218, -0.2249424308538437], [0.0, 0.0, 0.0, 1.0]]","[[0.5256251096725464, 0.806832492351532, 0.2697025537490845, 0.13883823156356812], [-0.29160207509994507, 0.46869972348213196, -0.8338397145271301, 0.8826323747634888], [-0.7991785407066345, 0.3596411645412445, 0.4816344380378723, -0.2753600478172302], [0.0, 0.0, 0.0, 1.0]]"
"[[0.9970111846989949, 0.03446013462124218, 0.06914641723579062, -0.005812238385284261], [-0.02552169207157742, 0.991673648581558, -0.12622197146443087, 1.1360514698180242], [-0.0729203073626171, 0.12407997821542074, 0.9895892140921357, 0.013671898676222958], [0.0, 0.0, 0.0, 1.0]]","[[0.720454752445221, -0.6624216437339783, -0.20528626441955566, -0.24565815925598145], [0.2628677189350128, 0.5347704291343689, -0.8030697703361511, 0.8953274488449097], [0.6417518258094788, 0.524612307548523, 0.5594072341918945, -0.22436027228832245], [0.0, 0.0, 0.0, 1.0]]","[[0.5307314991950989, 0.8020725250244141, 0.27386796474456787, 0.13844940066337585], [-0.2896345853805542, 0.4753190279006958, -0.830772876739502, 0.8838335275650024], [-0.7965147495269775, 0.36159566044807434, 0.4845747649669647, -0.27481698989868164], [0.0, 0.0, 0.0, 1.0]]"
"[[0.9968104361521367, 0.0345374961727112, 0.07194545050110403, -0.006812127097921906], [-0.024979257828667875, 0.9912317392323658, -0.12975218620803955, 1.136483661998816], [-0.07579593430314473, 0.12754118713828913, 0.9889328483834189, 0.020373300822339454], [0.0, 0.0, 0.0, 1.0]]","[[0.7292449474334717, -0.6564493179321289, -0.19306999444961548, -0.2492179274559021], [0.2901763617992401, 0.5522235631942749, -0.7815667986869812, 0.8927865624427795], [0.6196768879890442, 0.5139291882514954, 0.5931923985481262, -0.21990232169628143], [0.0, 0.0, 0.0, 1.0]]","[[0.5510178804397583, 0.7799510359764099, 0.2967415153980255, 0.13445688784122467], [-0.28287768363952637, 0.5091177821159363, -0.8128832578659058, 0.8887744545936584], [-0.7850856184959412, 0.3639715611934662, 0.5011637806892395, -0.2714107930660248], [0.0, 0.0, 0.0, 1.0]]"
"[[0.9967681170477221, 0.03417980621499076, 0.07269808791860362, -0.007207481611057119], [-0.024476200836477127, 0.9911580681091074, -0.13040913573423202, 1.1365098357585053], [-0.07651265568748698, 0.12820829519113724, 0.9887914061400369, 0.022438789565979955], [0.0, 0.0, 0.0, 1.0]]","[[0.7311747074127197, -0.6545054316520691, -0.192369744181633, -0.2502012252807617], [0.29234206676483154, 0.555401623249054, -0.7785018086433411, 0.89202481508255], [0.6163761615753174, 0.512982964515686, 0.5974351167678833, -0.21857543289661407], [0.0, 0.0, 0.0, 1.0]]","[[0.551849901676178, 0.7785933613777161, 0.2987537682056427, 0.13341566920280457], [-0.28568628430366516, 0.5130669474601746, -0.8094105124473572, 0.8888189196586609], [-0.7834824919700623, 0.36132311820983887, 0.5055695176124573, -0.270315557718277], [0.0, 0.0, 0.0, 1.0]]"
"[[0.996722459648493, 0.0339415365242252, 0.07343219053270932, -0.007574124352287266], [-0.02406648421950247, 0.9910359981738242, -0.13140939394734272, 1.1364762788990743], [-0.07723418045518284, 0.12921143849589467, 0.988604724240887, 0.02428586260461949], [0.0, 0.0, 0.0, 1.0]]","[[0.7323638200759888, -0.6527453064918518, -0.1938215047121048, -0.25156497955322266], [0.2910735607147217, 0.5574468970298767, -0.7775146961212158, 0.8910427093505859], [0.6155642867088318, 0.5130073428153992, 0.5982508659362793, -0.21795843541622162], [0.0, 0.0, 0.0, 1.0]]","[[0.5485620498657227, 0.7804778814315796, 0.2998899519443512, 0.1328338384628296], [-0.29185205698013306, 0.5148528218269348, -0.80607008934021, 0.8884386420249939], [-0.7835190296173096, 0.3546559810638428, 0.510212779045105, -0.26916465163230896], [0.0, 0.0, 0.0, 1.0]]"
"[[0.9966429471164883, 0.0335757432454325, 0.07466961346862, -0.00787751947628788], [-0.023563152370502813, 0.9910835038822353, -0.13114195422249306, 1.1364655893131108], [-0.07840701289179644, 0.12894224270267063, 0.9885475624978717, 0.025986530960056143], [0.0, 0.0, 0.0, 1.0]]","[[0.7336193323135376, -0.6510503888130188, -0.19477154314517975, -0.2523308992385864], [0.29195016622543335, 0.5607677102088928, -0.7747932076454163, 0.8906009197235107], [0.6136510968208313, 0.51153963804245, 0.6014643311500549, -0.2172994613647461], [0.0, 0.0, 0.0, 1.0]]","[[0.548333466053009, 0.7802887558937073, 0.300798237323761, 0.13235563039779663], [-0.29123035073280334, 0.5153563022613525, -0.8059729933738708, 0.8887488842010498], [-0.7839100956916809, 0.35434025526046753, 0.5098310112953186, -0.26830166578292847], [0.0, 0.0, 0.0, 1.0]]"
"[[0.9965928790245566, 0.033504079954080675, 0.07536683637656302, -0.00808234119119815], [-0.02334635153288353, 0.9909973140915673, -0.13183048089180588, 1.1365518974589492], [-0.07910519432269023, 0.12962177674140324, 0.9884030229189857, 0.027537524644327415], [0.0, 0.0, 0.0, 1.0]]","[[0.7328943014144897, -0.6520949006080627, -0.19400514662265778, -0.2528640031814575], [0.2940366864204407, 0.5607485771179199, -0.7740175724029541, 0.8903767466545105], [0.613521158695221, 0.5102283954620361, 0.6027093529701233, -0.21633325517177582], [0.0, 0.0, 0.0, 1.0]]","[[0.5471357107162476, 0.7804290652275085, 0.3026103079319, 0.1320270299911499], [-0.2907589375972748, 0.5162112712860107, -0.8055961728096008, 0.888836145401001], [-0.7849215269088745, 0.35278382897377014, 0.509354293346405, -0.26749077439308167], [0.0, 0.0, 0.0, 1.0]]"
"[[0.9965753557168884, 0.03261192440549626, 0.07598669336947174, -0.007893596988856319], [-0.02220988162298901, 0.9907431003288215, -0.1339210395362839, 1.1368643318357565], [-0.07965071244326861, 0.13177475588054807, 0.9880744816364919, 0.03171480700987139], [0.0, 0.0, 0.0, 1.0]]","[[0.746408998966217, -0.6314870715141296, -0.2099941223859787, -0.2541310489177704], [0.2781639099121094, 0.582710325717926, -0.7635923624038696, 0.88979172706604], [0.6045645475387573, 0.5115393996238708, 0.6105972528457642, -0.2158580720424652], [0.0, 0.0, 0.0, 1.0]]","[[0.5639681816101074, 0.7657844424247742, 0.3090531826019287, 0.1325196623802185], [-0.28400149941444397, 0.5312806963920593, -0.7981752753257751, 0.8895848393440247], [-0.7754243016242981, 0.3623737692832947, 0.5171094536781311, -0.2647026777267456], [0.0, 0.0, 0.0, 1.0]]"
"[[0.9963454603297303, 0.03365986333725897, 0.07850337694710678, -0.007047295410655279], [-0.02260008169772181, 0.9902108905379842, -0.1377376894883223, 1.1376561640655136], [-0.0823711313741785, 0.13546014023503594, 0.9873527887780097, 0.040352799803023254], [0.0, 0.0, 0.0, 1.0]]","[[0.7535375952720642, -0.5906081795692444, -0.28872668743133545, -0.2477373331785202], [0.24262259900569916, 0.6580314636230469, -0.7128316164016724, 0.8966568112373352], [0.6109954118728638, 0.4670937657356262, 0.6391463279724121, -0.22814154624938965], [0.0, 0.0, 0.0, 1.0]]","[[0.5920390486717224, 0.7291435599327087, 0.3432775139808655, 0.13155719637870789], [-0.2686828374862671, 0.5801606178283691, -0.7689104080200195, 0.8951164484024048], [-0.7598021626472473, 0.36299219727516174, 0.5393860936164856, -0.26993298530578613], [0.0, 0.0, 0.0, 1.0]]"
"[[0.9963061809266048, 0.03373329837791106, 0.0789690234579723, -0.007106011055252332], [-0.02240180659123281, 0.9898679848480353, -0.14021260779216013, 1.137745255205522], [-0.0828987441144307, 0.13792564232037355, 0.9869672064197841, 0.041178348698789655], [0.0, 0.0, 0.0, 1.0]]","[[0.7539264559745789, -0.580093264579773, -0.3083611726760864, -0.2465130090713501], [0.2217329740524292, 0.6665225028991699, -0.7117457985877991, 0.8981977105140686], [0.6184086203575134, 0.46823009848594666, 0.6311348080635071, -0.2324831783771515], [0.0, 0.0, 0.0, 1.0]]","[[0.5995257496833801, 0.7178239226341248, 0.3539738655090332, 0.13029097020626068], [-0.26432740688323975, 0.595038115978241, -0.7589864134788513, 0.8972573280334473], [-0.7554466724395752, 0.36146676540374756, 0.5464813113212585, -0.2725311517715454], [0.0, 0.0, 0.0, 1.0]]"
"[[0.9961082338422171, 0.032770286701505266, 0.08181983890276115, -0.007808279219020928], [-0.020919004999215517, 0.9896870844499229, -0.14171055938616267, 1.13801658125141], [-0.08561993477601848, 0.13944747064694915, 0.9865209468319189, 0.04555883991394261], [0.0, 0.0, 0.0, 1.0]]","[[0.7687172293663025, -0.5536779761314392, -0.3201787769794464, -0.24443937838077545], [0.21266606450080872, 0.6933866143226624, -0.6884679794311523, 0.899770200252533], [0.6031972169876099, 0.4611460268497467, 0.6507667899131775, -0.24084505438804626], [0.0, 0.0, 0.0, 1.0]]","[[0.5997534394264221, 0.7115355134010315, 0.3660779297351837, 0.12563809752464294], [-0.25648680329322815, 0.6042969226837158, -0.7543472647666931, 0.9013941287994385], [-0.7579646110534668, 0.358528196811676, 0.5449286103248596, -0.28111836314201355], [0.0, 0.0, 0.0, 1.0]]"
"[[0.9960870742878615, 0.03226679059710785, 0.08227626274523138, -0.00797731950978051], [-0.020227062897417134, 0.9894908670091294, -0.1431734881374483, 1.138053503782157], [-0.08603136201205853, 0.14094905340937336, 0.9862717386613348, 0.04686565825815668], [0.0, 0.0, 0.0, 1.0]]","[[0.7687172293663025, -0.5536779761314392, -0.3201787769794464, -0.24443937838077545], [0.21266606450080872, 0.6933866143226624, -0.6884679794311523, 0.899770200252533], [0.6031972169876099, 0.4611460268497467, 0.6507667899131775, -0.24084505438804626], [0.0, 0.0, 0.0, 1.0]]","[[0.5997534394264221, 0.7115355134010315, 0.3660779297351837, 0.12563809752464294], [-0.25648680329322815, 0.6042969226837158, -0.7543472647666931, 0.9013941287994385], [-0.7579646110534668, 0.358528196811676, 0.5449286103248596, -0.28111836314201355], [0.0, 0.0, 0.0, 1.0]]"
"[[0.9960864186667098, 0.030295067415332444, 0.08303075347844713, -0.00829352636332189], [-0.017884361609125526, 0.9890744682833413, -0.1463278209367226, 1.1383453269228427], [-0.08655661280449276, 0.1442701990208197, 0.9857454303043597, 0.049224151944498626], [0.0, 0.0, 0.0, 1.0]]","[[0.7746511697769165, -0.5449391007423401, -0.3208688795566559, -0.24342259764671326], [0.22513975203037262, 0.7117979526519775, -0.665323793888092, 0.9008800387382507], [0.5909547805786133, 0.4431534707546234, 0.6740825772285461, -0.24514542520046234], [0.0, 0.0, 0.0, 1.0]]","[[0.6008022427558899, 0.7039057612419128, 0.3788841664791107, 0.1226695254445076], [-0.2528519630432129, 0.6169630289077759, -0.7452666759490967, 0.9040528535842896], [-0.7583550810813904, 0.35195621848106384, 0.5486567616462708, -0.28673094511032104], [0.0, 0.0, 0.0, 1.0]]"
"[[0.9960237740759417, 0.030420137683713978, 0.08373354292004134, -0.008520055367589742], [-0.01749416056755727, 0.9883819819562482, -0.15098030938256343, 1.1387558135180402], [-0.08735356563241456, 0.14891512618910713, 0.9849840998238502, 0.05051893252480101], [0.0, 0.0, 0.0, 1.0]]","[[0.7723416090011597, -0.5482608079910278, -0.3207780122756958, -0.2430478036403656], [0.22834213078022003, 0.7108760476112366, -0.6652180552482605, 0.9011657238006592], [0.5927464365959167, 0.44052842259407043, 0.67423015832901, -0.24742425978183746], [0.0, 0.0, 0.0, 1.0]]","[[0.6111990809440613, 0.6917439699172974, 0.3846113085746765, 0.12146735936403275], [-0.25304704904556274, 0.6312223672866821, -0.7331612706184387, 0.9053076505661011], [-0.7499352097511292, 0.35078275203704834, 0.5608463287353516, -0.28932201862335205], [0.0, 0.0, 0.0, 1.0]]"
"[[0.9959521292793393, 0.029033201450654363, 0.0850668836909524, -0.008638101873450692], [-0.01564991596882695, 0.9879531855049, -0.15395973290289994, 1.1391310278724804], [-0.08851204173982227, 0.15200524364624873, 0.9844084388178111, 0.05179854889079799], [0.0, 0.0, 0.0, 1.0]]","[[0.7802841067314148, -0.5377975702285767, -0.31926530599594116, -0.24159348011016846], [0.22455893456935883, 0.7173458933830261, -0.6595362424850464, 0.902919352054596], [0.5837206840515137, 0.4429317116737366, 0.6805009245872498, -0.2511520981788635], [0.0, 0.0, 0.0, 1.0]]","[[0.641592264175415, 0.6628391742706299, 0.3860096037387848, 0.11908618360757828], [-0.26673662662506104, 0.6646343469619751, -0.6979345679283142, 0.9077713489532471], [-0.7191736698150635, 0.34482648968696594, 0.6032277941703796, -0.29337161779403687], [0.0, 0.0, 0.0, 1.0]]"
"[[0.9959007502050863, 0.029536280942431034, 0.08549442934624742, -0.00878569732986099], [-0.015767179268130715, 0.9874001737512422, -0.1574556803102295, 1.1394012437089807], [-0.08906786841519285, 0.1554622227554521, 0.9838182929678535, 0.05288837608348422], [0.0, 0.0, 0.0, 1.0]]","[[0.7816939353942871, -0.5362540483474731, -0.3184119164943695, -0.24113141000270844], [0.22014690935611725, 0.7149441838264465, -0.6636189222335815, 0.9029802680015564], [0.5835151076316833, 0.44864949584007263, 0.6769222021102905, -0.25518837571144104], [0.0, 0.0, 0.0, 1.0]]","[[0.646695077419281, 0.6583040952682495, 0.3852545917034149, 0.11771122366189957], [-0.27276745438575745, 0.6712839603424072, -0.6891847848892212, 0.9083784818649292], [-0.712308406829834, 0.34060749411582947, 0.6136800050735474, -0.2965542674064636], [0.0, 0.0, 0.0, 1.0]]"
