Head Pose,Left Arm Pose,Right Arm Pose
"[[0.0, 0.0, 0.0, 0.0], [0.0, 0.0, 0.0, 0.0], [0.0, 0.0, 0.0, 0.0], [0.0, 0.0, 0.0, 0.0]]","[[0.0, 0.0, 0.0, 0.0], [0.0, 0.0, 0.0, 0.0], [0.0, 0.0, 0.0, 0.0], [0.0, 0.0, 0.0, 0.0]]","[[0.0, 0.0, 0.0, 0.0], [0.0, 0.0, 0.0, 0.0], [0.0, 0.0, 0.0, 0.0], [0.0, 0.0, 0.0, 0.0]]"
"[[0.847998304005088, 0.32982091628272336, -0.4148699068225112, -0.5000000000000001], [0.0, 0.7827749746443304, 0.6223048602337666, 0.7499999999999999], [0.5299989400031799, -0.5277134660523575, 0.663791850916018, 0.8000000000000002], [0.0, 0.0, 0.0, 1.0]]","[[0.0, 0.0, 0.0, 0.0], [0.0, 0.0, 0.0, 0.0], [0.0, 0.0, 0.0, 0.0], [0.0, 0.0, 0.0, 0.0]]","[[0.0, 0.0, 0.0, 0.0], [0.0, 0.0, 0.0, 0.0], [0.0, 0.0, 0.0, 0.0], [0.0, 0.0, 0.0, 0.0]]"
"[[1.0, 0.0, 0.0, 0.0], [0.0, 1.0, 0.0, 0.0], [0.0, 0.0, 1.0, 0.0], [0.0, 0.0, 0.0, 1.0]]","[[0.0, 0.0, 0.0, 0.0], [0.0, 0.0, 0.0, 0.0], [0.0, 0.0, 0.0, 0.0], [0.0, 0.0, 0.0, 0.0]]","[[0.0, 0.0, 0.0, 0.0], [0.0, 0.0, 0.0, 0.0], [0.0, 0.0, 0.0, 0.0], [0.0, 0.0, 0.0, 0.0]]"
"[[0.9999999403953594, -0.0002778693300534171, 0.00010995145190338174, 0.002537811986804073], [0.0002802105887930714, 0.9997601509011312, -0.021899729588727136, -0.026919678036101402], [-0.0001038398151116582, 0.02189976014782987, 0.9997601509177119, -0.017673467048152557], [0.0, 0.0, 0.0, 1.0]]","[[0.0, 0.0, 0.0, 0.0], [0.0, 0.0, 0.0, 0.0], [0.0, 0.0, 0.0, 0.0], [0.0, 0.0, 0.0, 0.0]]","[[0.0, 0.0, 0.0, 0.0], [0.0, 0.0, 0.0, 0.0], [0.0, 0.0, 0.0, 0.0], [0.0, 0.0, 0.0, 0.0]]"
"[[0.9991423487546698, 0.041319589793999266, -0.002688320203842967, 6.907340980667848e-05], [-0.04120797318188424, 0.9986003637421631, 0.03315356000330835, 1.1447030168794412], [0.004054449182776364, -0.03301434592339608, 0.9994466304786157, -0.01714063835461514], [0.0, 0.0, 0.0, 1.0]]","[[0.0, 0.0, 0.0, 0.0], [0.0, 0.0, 0.0, 0.0], [0.0, 0.0, 0.0, 0.0], [0.0, 0.0, 0.0, 0.0]]","[[0.0, 0.0, 0.0, 0.0], [0.0, 0.0, 0.0, 0.0], [0.0, 0.0, 0.0, 0.0], [0.0, 0.0, 0.0, 0.0]]"
"[[0.9991826414418143, 0.0403314701027728, -0.0027316488284480182, -0.00019459308875674508], [-0.04021599677134985, 0.9986164570480541, 0.033879432756576504, 1.1446677310603597], [0.004094276953874865, -0.03374188400420191, 0.9994221925756993, -0.0175513840693735], [0.0, 0.0, 0.0, 1.0]]","[[0.590133786201477, -0.7348233461380005, -0.33433011174201965, -0.20408013463020325], [0.2965007424354553, 0.5824690461158752, -0.7568466663360596, 0.8455932140350342], [0.7508856058120728, 0.34751155972480774, 0.5616104006767273, -0.19075603783130646], [0.0, 0.0, 0.0, 1.0]]","[[0.6185315847396851, 0.7856144905090332, 0.015114961192011833, 0.15683497488498688], [-0.25605159997940063, 0.2197067141532898, -0.941364049911499, 0.8560642004013062], [-0.7428702116012573, 0.5783931016921997, 0.33705344796180725, -0.21911738812923431], [0.0, 0.0, 0.0, 1.0]]"
"[[0.9992055892321544, 0.03977993717431144, -0.002390880526792261, 0.0002537293831023097], [-0.03967670509577677, 0.998641908282282, 0.033764702833498916, 1.1449787176117199], [0.003730791231799873, -0.03364301695743666, 0.9994269608941848, -0.01791646455491756], [0.0, 0.0, 0.0, 1.0]]","[[0.590133786201477, -0.7348233461380005, -0.33433011174201965, -0.20408013463020325], [0.2965007424354553, 0.5824690461158752, -0.7568466663360596, 0.8455932140350342], [0.7508856058120728, 0.34751155972480774, 0.5616104006767273, -0.19075603783130646], [0.0, 0.0, 0.0, 1.0]]","[[0.6185315847396851, 0.7856144905090332, 0.015114961192011833, 0.15683497488498688], [-0.25605159997940063, 0.2197067141532898, -0.941364049911499, 0.8560642004013062], [-0.7428702116012573, 0.5783931016921997, 0.33705344796180725, -0.21911738812923431], [0.0, 0.0, 0.0, 1.0]]"
"[[0.9992055892321544, 0.03977993717431144, -0.002390880526792261, 0.0002537293831023097], [-0.03967670509577677, 0.998641908282282, 0.033764702833498916, 1.1449787176117199], [0.003730791231799873, -0.03364301695743666, 0.9994269608941848, -0.01791646455491756], [0.0, 0.0, 0.0, 1.0]]","[[0.5893181562423706, -0.7351067662239075, -0.3351447582244873, -0.20419450104236603], [0.29784709215164185, 0.5833002924919128, -0.7556770443916321, 0.8452081084251404], [0.7509933710098267, 0.3455122411251068, 0.5626989006996155, -0.190599724650383], [0.0, 0.0, 0.0, 1.0]]","[[0.6182206273078918, 0.7858375906944275, 0.01620042510330677, 0.15690754354000092], [-0.2532642185688019, 0.21867097914218903, -0.9423587322235107, 0.8555207252502441], [-0.74408358335495, 0.5784825682640076, 0.334211528301239, -0.21941699087619781], [0.0, 0.0, 0.0, 1.0]]"
"[[0.9992055892321544, 0.03977993717431144, -0.002390880526792261, 0.0002537293831023097], [-0.03967670509577677, 0.998641908282282, 0.033764702833498916, 1.1449787176117199], [0.003730791231799873, -0.03364301695743666, 0.9994269608941848, -0.01791646455491756], [0.0, 0.0, 0.0, 1.0]]","[[0.5904684066772461, -0.7341261506080627, -0.3352694511413574, -0.20425772666931152], [0.29780885577201843, 0.5842982530593872, -0.7549206614494324, 0.8448464870452881], [0.7501044869422913, 0.3459104895591736, 0.5636390447616577, -0.19060355424880981], [0.0, 0.0, 0.0, 1.0]]","[[0.6180200576782227, 0.7859877943992615, 0.016560561954975128, 0.15683682262897491], [-0.2536262273788452, 0.21927602589130402, -0.9421206712722778, 0.8554927110671997], [-0.7441268563270569, 0.5780491828918457, 0.33486419916152954, -0.21931517124176025], [0.0, 0.0, 0.0, 1.0]]"
"[[0.9992039799557633, 0.03987239267993363, -0.0012773690861385065, -2.237727808513353e-05], [-0.03980657491516677, 0.9986365437407834, 0.03377200594211127, 1.1449544626721546], [0.0026221980923120183, -0.03369427541231606, 0.9994287491077626, -0.018392587616993285], [0.0, 0.0, 0.0, 1.0]]","[[0.5904684066772461, -0.7341261506080627, -0.3352694511413574, -0.20425772666931152], [0.29780885577201843, 0.5842982530593872, -0.7549206614494324, 0.8448464870452881], [0.7501044869422913, 0.3459104895591736, 0.5636390447616577, -0.19060355424880981], [0.0, 0.0, 0.0, 1.0]]","[[0.6180200576782227, 0.7859877943992615, 0.016560561954975128, 0.15683682262897491], [-0.2536262273788452, 0.21927602589130402, -0.9421206712722778, 0.8554927110671997], [-0.7441268563270569, 0.5780491828918457, 0.33486419916152954, -0.21931517124176025], [0.0, 0.0, 0.0, 1.0]]"
"[[0.9992085098855454, 0.039770997140129695, -0.0007975741111627943, -0.0005392559101379039], [-0.03972040953902374, 0.9986240863882623, 0.03423714927291529, 1.144817882796573], [0.0021581223179631707, -0.03417836957717281, 0.9994134307191553, -0.01913875822652058], [0.0, 0.0, 0.0, 1.0]]","[[0.5904684066772461, -0.7341261506080627, -0.3352694511413574, -0.20425772666931152], [0.29780885577201843, 0.5842982530593872, -0.7549206614494324, 0.8448464870452881], [0.7501044869422913, 0.3459104895591736, 0.5636390447616577, -0.19060355424880981], [0.0, 0.0, 0.0, 1.0]]","[[0.6180200576782227, 0.7859877943992615, 0.016560561954975128, 0.15683682262897491], [-0.2536262273788452, 0.21927602589130402, -0.9421206712722778, 0.8554927110671997], [-0.7441268563270569, 0.5780491828918457, 0.33486419916152954, -0.21931517124176025], [0.0, 0.0, 0.0, 1.0]]"
"[[0.9992085098855454, 0.039770997140129695, -0.0007975741111627943, -0.0005392559101379039], [-0.03972040953902374, 0.9986240863882623, 0.03423714927291529, 1.144817882796573], [0.0021581223179631707, -0.03417836957717281, 0.9994134307191553, -0.01913875822652058], [0.0, 0.0, 0.0, 1.0]]","[[0.5903186202049255, -0.7346659302711487, -0.3343498706817627, -0.20414994657039642], [0.3045239746570587, 0.586320698261261, -0.7506617903709412, 0.8445592522621155], [0.7475219368934631, 0.3413120210170746, 0.5698394775390625, -0.19028088450431824], [0.0, 0.0, 0.0, 1.0]]","[[0.6177733540534973, 0.7861923575401306, 0.016046730801463127, 0.1568908840417862], [-0.2537267208099365, 0.21860522031784058, -0.9422495365142822, 0.8554903268814087], [-0.744297444820404, 0.5780251026153564, 0.33452659845352173, -0.2193870097398758], [0.0, 0.0, 0.0, 1.0]]"
"[[0.9992557168496474, 0.03857442490876865, -7.156683159351952e-06, -0.0006441597155039551], [-0.03855106852828312, 0.9986571073333526, 0.03460893864061983, 1.1448375028656146], [0.0013421669956642144, -0.03458290463063571, 0.9994009136862495, -0.019189821142929563], [0.0, 0.0, 0.0, 1.0]]","[[0.5903186202049255, -0.7346659302711487, -0.3343498706817627, -0.20414994657039642], [0.3045239746570587, 0.586320698261261, -0.7506617903709412, 0.8445592522621155], [0.7475219368934631, 0.3413120210170746, 0.5698394775390625, -0.19028088450431824], [0.0, 0.0, 0.0, 1.0]]","[[0.6177733540534973, 0.7861923575401306, 0.016046730801463127, 0.1568908840417862], [-0.2537267208099365, 0.21860522031784058, -0.9422495365142822, 0.8554903268814087], [-0.744297444820404, 0.5780251026153564, 0.33452659845352173, -0.2193870097398758], [0.0, 0.0, 0.0, 1.0]]"
"[[0.9992557168496474, 0.03857442490876865, -7.156683159351952e-06, -0.0006441597155039551], [-0.03855106852828312, 0.9986571073333526, 0.03460893864061983, 1.1448375028656146], [0.0013421669956642144, -0.03458290463063571, 0.9994009136862495, -0.019189821142929563], [0.0, 0.0, 0.0, 1.0]]","[[0.592318594455719, -0.732963502407074, -0.3345491588115692, -0.2042241394519806], [0.3030577301979065, 0.5874135494232178, -0.750400722026825, 0.8440061807632446], [0.746535062789917, 0.3430885672569275, 0.5700662732124329, -0.19025954604148865], [0.0, 0.0, 0.0, 1.0]]","[[0.6148541569709778, 0.7884448766708374, 0.017577797174453735, 0.1572563797235489], [-0.24819232523441315, 0.2146083265542984, -0.9446394443511963, 0.8552042245864868], [-0.7485685348510742, 0.5764527916908264, 0.3276388347148895, -0.22002309560775757], [0.0, 0.0, 0.0, 1.0]]"
"[[0.9992701411140854, 0.038198284525246935, 0.0002888378674815356, -0.00047784287969856537], [-0.03818530244770499, 0.9986681938252486, 0.03469496957969053, 1.1448780262265474], [0.0010368350939079143, -0.03468067578960078, 0.9993979334857185, -0.019167318095455195], [0.0, 0.0, 0.0, 1.0]]","[[0.592318594455719, -0.732963502407074, -0.3345491588115692, -0.2042241394519806], [0.3030577301979065, 0.5874135494232178, -0.750400722026825, 0.8440061807632446], [0.746535062789917, 0.3430885672569275, 0.5700662732124329, -0.19025954604148865], [0.0, 0.0, 0.0, 1.0]]","[[0.6148541569709778, 0.7884448766708374, 0.017577797174453735, 0.1572563797235489], [-0.24819232523441315, 0.2146083265542984, -0.9446394443511963, 0.8552042245864868], [-0.7485685348510742, 0.5764527916908264, 0.3276388347148895, -0.22002309560775757], [0.0, 0.0, 0.0, 1.0]]"
"[[0.9992941022372352, 0.03753912941957898, 0.0014370467337521111, -0.0005908353669244567], [-0.03756648554061467, 0.9986630677673289, 0.03550825626377313, 1.144913610519662], [-0.00010217646793719617, -0.035537175975997766, 0.9993683695844464, -0.019256386099568916], [0.0, 0.0, 0.0, 1.0]]","[[0.592318594455719, -0.732963502407074, -0.3345491588115692, -0.2042241394519806], [0.3030577301979065, 0.5874135494232178, -0.750400722026825, 0.8440061807632446], [0.746535062789917, 0.3430885672569275, 0.5700662732124329, -0.19025954604148865], [0.0, 0.0, 0.0, 1.0]]","[[0.6148541569709778, 0.7884448766708374, 0.017577797174453735, 0.1572563797235489], [-0.24819232523441315, 0.2146083265542984, -0.9446394443511963, 0.8552042245864868], [-0.7485685348510742, 0.5764527916908264, 0.3276388347148895, -0.22002309560775757], [0.0, 0.0, 0.0, 1.0]]"
"[[0.9992941022372352, 0.03753912941957898, 0.0014370467337521111, -0.0005908353669244567], [-0.03756648554061467, 0.9986630677673289, 0.03550825626377313, 1.144913610519662], [-0.00010217646793719617, -0.035537175975997766, 0.9993683695844464, -0.019256386099568916], [0.0, 0.0, 0.0, 1.0]]","[[0.5907062292098999, -0.7335196733474731, -0.3361772298812866, -0.20441564917564392], [0.30335676670074463, 0.5879575610160828, -0.7498537302017212, 0.8434916138648987], [0.7476903796195984, 0.34096163511276245, 0.5698283314704895, -0.19044196605682373], [0.0, 0.0, 0.0, 1.0]]","[[0.6137191653251648, 0.7893497347831726, 0.016603676602244377, 0.1574002057313919], [-0.24950852990150452, 0.21385928988456726, -0.9444625377655029, 0.8551082611083984], [-0.7490622401237488, 0.5754919648170471, 0.3281990885734558, -0.22008636593818665], [0.0, 0.0, 0.0, 1.0]]"
"[[0.9992941022372352, 0.03753912941957898, 0.0014370467337521111, -0.0005908353669244567], [-0.03756648554061467, 0.9986630677673289, 0.03550825626377313, 1.144913610519662], [-0.00010217646793719617, -0.035537175975997766, 0.9993683695844464, -0.019256386099568916], [0.0, 0.0, 0.0, 1.0]]","[[0.5947327613830566, -0.7307975888252258, -0.3350040018558502, -0.20453399419784546], [0.3043498396873474, 0.5903688669204712, -0.7475531101226807, 0.8430856466293335], [0.7440860271453857, 0.3426358997821808, 0.5735298991203308, -0.19030752778053284], [0.0, 0.0, 0.0, 1.0]]","[[0.6129779815673828, 0.7899643182754517, 0.014634916558861732, 0.15756069123744965], [-0.25321558117866516, 0.2139628678560257, -0.9434518814086914, 0.8550798296928406], [-0.7484248280525208, 0.5746093392372131, 0.331185907125473, -0.22020287811756134], [0.0, 0.0, 0.0, 1.0]]"
"[[0.9992941022372352, 0.03753912941957898, 0.0014370467337521111, -0.0005908353669244567], [-0.03756648554061467, 0.9986630677673289, 0.03550825626377313, 1.144913610519662], [-0.00010217646793719617, -0.035537175975997766, 0.9993683695844464, -0.019256386099568916], [0.0, 0.0, 0.0, 1.0]]","[[0.597496509552002, -0.7273150086402893, -0.33765479922294617, -0.2049405574798584], [0.2991390526294708, 0.5928580164909363, -0.747686505317688, 0.8424111604690552], [0.7439849972724915, 0.34573426842689514, 0.5717989802360535, -0.19065727293491364], [0.0, 0.0, 0.0, 1.0]]","[[0.6104568243026733, 0.791924774646759, 0.014050982892513275, 0.15806643664836884], [-0.25377002358436584, 0.21236254274845123, -0.9436644315719604, 0.8549870252609253], [-0.7502953410148621, 0.5725005865097046, 0.33060503005981445, -0.22071728110313416], [0.0, 0.0, 0.0, 1.0]]"
"[[0.9992941022372352, 0.03753912941957898, 0.0014370467337521111, -0.0005908353669244567], [-0.03756648554061467, 0.9986630677673289, 0.03550825626377313, 1.144913610519662], [-0.00010217646793719617, -0.035537175975997766, 0.9993683695844464, -0.019256386099568916], [0.0, 0.0, 0.0, 1.0]]","[[0.6010631918907166, -0.7243058681488037, -0.33779266476631165, -0.20487096905708313], [0.2996559143066406, 0.5960739254951477, -0.7449174523353577, 0.842742919921875], [0.7408975958824158, 0.3465208113193512, 0.5753207206726074, -0.19035635888576508], [0.0, 0.0, 0.0, 1.0]]","[[0.610539972782135, 0.7918683886528015, 0.01361363660544157, 0.1583028882741928], [-0.25243836641311646, 0.2108682245016098, -0.9443565607070923, 0.8549575805664062], [-0.7506768703460693, 0.5731307864189148, 0.32864147424697876, -0.22097809612751007], [0.0, 0.0, 0.0, 1.0]]"
"[[0.9992714523807448, 0.03778672471030134, 0.005359297454229639, -0.0007232773892570335], [-0.03796054542677027, 0.9985846281496166, 0.03725263101473558, 1.1449199447750276], [-0.003944057203956799, -0.03742893415078411, 0.9992914795893179, -0.019387312546849268], [0.0, 0.0, 0.0, 1.0]]","[[0.6010631918907166, -0.7243058681488037, -0.33779266476631165, -0.20487096905708313], [0.2996559143066406, 0.5960739254951477, -0.7449174523353577, 0.842742919921875], [0.7408975958824158, 0.3465208113193512, 0.5753207206726074, -0.19035635888576508], [0.0, 0.0, 0.0, 1.0]]","[[0.610539972782135, 0.7918683886528015, 0.01361363660544157, 0.1583028882741928], [-0.25243836641311646, 0.2108682245016098, -0.9443565607070923, 0.8549575805664062], [-0.7506768703460693, 0.5731307864189148, 0.32864147424697876, -0.22097809612751007], [0.0, 0.0, 0.0, 1.0]]"
"[[0.9992706776157847, 0.03775825109915799, 0.005694507044727285, -0.0007436383816985482], [-0.03794436770839626, 0.9985876082538968, 0.03718887923762723, 1.1449292838925758], [-0.0042822771882765715, -0.03737783150270063, 0.999292016063778, -0.01934480668317092], [0.0, 0.0, 0.0, 1.0]]","[[0.6010631918907166, -0.7243058681488037, -0.33779266476631165, -0.20487096905708313], [0.2996559143066406, 0.5960739254951477, -0.7449174523353577, 0.842742919921875], [0.7408975958824158, 0.3465208113193512, 0.5753207206726074, -0.19035635888576508], [0.0, 0.0, 0.0, 1.0]]","[[0.610539972782135, 0.7918683886528015, 0.01361363660544157, 0.1583028882741928], [-0.25243836641311646, 0.2108682245016098, -0.9443565607070923, 0.8549575805664062], [-0.7506768703460693, 0.5731307864189148, 0.32864147424697876, -0.22097809612751007], [0.0, 0.0, 0.0, 1.0]]"
"[[0.9992637634472453, 0.037727252144559145, 0.00697061571406419, -0.0007632714390830847], [-0.037956103186861795, 0.9986202716435201, 0.036289724892384, 1.145061177603044], [-0.0055918864615053425, -0.036527585798495826, 0.9993169903950125, -0.019134159661495332], [0.0, 0.0, 0.0, 1.0]]","[[0.6010631918907166, -0.7243058681488037, -0.33779266476631165, -0.20487096905708313], [0.2996559143066406, 0.5960739254951477, -0.7449174523353577, 0.842742919921875], [0.7408975958824158, 0.3465208113193512, 0.5753207206726074, -0.19035635888576508], [0.0, 0.0, 0.0, 1.0]]","[[0.610539972782135, 0.7918683886528015, 0.01361363660544157, 0.1583028882741928], [-0.25243836641311646, 0.2108682245016098, -0.9443565607070923, 0.8549575805664062], [-0.7506768703460693, 0.5731307864189148, 0.32864147424697876, -0.22097809612751007], [0.0, 0.0, 0.0, 1.0]]"
"[[0.9992637634472453, 0.037727252144559145, 0.00697061571406419, -0.0007632714390830847], [-0.037956103186861795, 0.9986202716435201, 0.036289724892384, 1.145061177603044], [-0.0055918864615053425, -0.036527585798495826, 0.9993169903950125, -0.019134159661495332], [0.0, 0.0, 0.0, 1.0]]","[[0.6001197695732117, -0.726358950138092, -0.3350503444671631, -0.2048635482788086], [0.30651038885116577, 0.5957002639770508, -0.7424232959747314, 0.843576192855835], [0.7388555407524109, 0.3428463935852051, 0.5801281929016113, -0.18985913693904877], [0.0, 0.0, 0.0, 1.0]]","[[0.6094788908958435, 0.7925844192504883, 0.018582835793495178, 0.1588129848241806], [-0.25184327363967896, 0.21578066051006317, -0.943405270576477, 0.8551294207572937], [-0.7517381906509399, 0.570305585861206, 0.33112087845802307, -0.22112435102462769], [0.0, 0.0, 0.0, 1.0]]"
"[[0.9992489815174971, 0.037949905870307075, 0.007824772149736954, -0.0006997902773388169], [-0.038202213915240237, 0.9986529945421495, 0.03511145942700745, 1.1451243501677268], [-0.006481755412702489, -0.03538401565658217, 0.9993527532109655, -0.018862562755926154], [0.0, 0.0, 0.0, 1.0]]","[[0.6001197695732117, -0.726358950138092, -0.3350503444671631, -0.2048635482788086], [0.30651038885116577, 0.5957002639770508, -0.7424232959747314, 0.843576192855835], [0.7388555407524109, 0.3428463935852051, 0.5801281929016113, -0.18985913693904877], [0.0, 0.0, 0.0, 1.0]]","[[0.6094788908958435, 0.7925844192504883, 0.018582835793495178, 0.1588129848241806], [-0.25184327363967896, 0.21578066051006317, -0.943405270576477, 0.8551294207572937], [-0.7517381906509399, 0.570305585861206, 0.33112087845802307, -0.22112435102462769], [0.0, 0.0, 0.0, 1.0]]"
"[[0.9992489815174971, 0.037949905870307075, 0.007824772149736954, -0.0006997902773388169], [-0.038202213915240237, 0.9986529945421495, 0.03511145942700745, 1.1451243501677268], [-0.006481755412702489, -0.03538401565658217, 0.9993527532109655, -0.018862562755926154], [0.0, 0.0, 0.0, 1.0]]","[[0.5981476902961731, -0.7264463901519775, -0.33837103843688965, -0.2049306035041809], [0.3028196692466736, 0.5958136916160583, -0.7438455820083618, 0.8443707227706909], [0.7419700622558594, 0.34246405959129333, 0.5763668417930603, -0.1900550276041031], [0.0, 0.0, 0.0, 1.0]]","[[0.6150519251823425, 0.78827303647995, 0.018347661942243576, 0.15870364010334015], [-0.2502993941307068, 0.21725693345069885, -0.9434773325920105, 0.8555729389190674], [-0.747704029083252, 0.5756950974464417, 0.33092862367630005, -0.22115537524223328], [0.0, 0.0, 0.0, 1.0]]"
"[[0.9992161989019179, 0.03827615771006718, 0.010095258522153615, -0.0004878311848654234], [-0.03858851697731841, 0.9987162947894945, 0.03281216330718039, 1.1451663078321093], [-0.00882637566018034, -0.033176004813203826, 0.9994105696625899, -0.018196691885315367], [0.0, 0.0, 0.0, 1.0]]","[[0.5981476902961731, -0.7264463901519775, -0.33837103843688965, -0.2049306035041809], [0.3028196692466736, 0.5958136916160583, -0.7438455820083618, 0.8443707227706909], [0.7419700622558594, 0.34246405959129333, 0.5763668417930603, -0.1900550276041031], [0.0, 0.0, 0.0, 1.0]]","[[0.6150519251823425, 0.78827303647995, 0.018347661942243576, 0.15870364010334015], [-0.2502993941307068, 0.21725693345069885, -0.9434773325920105, 0.8555729389190674], [-0.747704029083252, 0.5756950974464417, 0.33092862367630005, -0.22115537524223328], [0.0, 0.0, 0.0, 1.0]]"
"[[0.9992053508025932, 0.038346460082479945, 0.010873692016377471, -0.00047814403663240556], [-0.03867861442928655, 0.998733163007876, 0.032187430046927604, 1.1451731458322474], [-0.009625642654225806, -0.03258243031011858, 0.9994227289609279, -0.01794834431459375], [0.0, 0.0, 0.0, 1.0]]","[[0.5981476902961731, -0.7264463901519775, -0.33837103843688965, -0.2049306035041809], [0.3028196692466736, 0.5958136916160583, -0.7438455820083618, 0.8443707227706909], [0.7419700622558594, 0.34246405959129333, 0.5763668417930603, -0.1900550276041031], [0.0, 0.0, 0.0, 1.0]]","[[0.6150519251823425, 0.78827303647995, 0.018347661942243576, 0.15870364010334015], [-0.2502993941307068, 0.21725693345069885, -0.9434773325920105, 0.8555729389190674], [-0.747704029083252, 0.5756950974464417, 0.33092862367630005, -0.22115537524223328], [0.0, 0.0, 0.0, 1.0]]"
"[[0.9992053508025932, 0.038346460082479945, 0.010873692016377471, -0.00047814403663240556], [-0.03867861442928655, 0.998733163007876, 0.032187430046927604, 1.1451731458322474], [-0.009625642654225806, -0.03258243031011858, 0.9994227289609279, -0.01794834431459375], [0.0, 0.0, 0.0, 1.0]]","[[0.5944048166275024, -0.7274686694145203, -0.3427419364452362, -0.20453040301799774], [0.303804486989975, 0.5977646112442017, -0.7418760657310486, 0.8460556864738464], [0.7445706725120544, 0.33684802055358887, 0.5763224959373474, -0.19006243348121643], [0.0, 0.0, 0.0, 1.0]]","[[0.6151509881019592, 0.7882214784622192, 0.017203819006681442, 0.15849915146827698], [-0.2529168725013733, 0.21795754134655, -0.9426171779632568, 0.8561088442802429], [-0.746740996837616, 0.5755007266998291, 0.3334314227104187, -0.22100897133350372], [0.0, 0.0, 0.0, 1.0]]"
"[[0.9991922974152867, 0.03840270163607198, 0.011833393600818209, -0.00043904920005959395], [-0.03876002607751295, 0.9987483621808729, 0.03161234649114484, 1.1451282769511515], [-0.010604583072427209, -0.03204547373361719, 0.9994301795239672, -0.01756655582595646], [0.0, 0.0, 0.0, 1.0]]","[[0.5944048166275024, -0.7274686694145203, -0.3427419364452362, -0.20453040301799774], [0.303804486989975, 0.5977646112442017, -0.7418760657310486, 0.8460556864738464], [0.7445706725120544, 0.33684802055358887, 0.5763224959373474, -0.19006243348121643], [0.0, 0.0, 0.0, 1.0]]","[[0.6151509881019592, 0.7882214784622192, 0.017203819006681442, 0.15849915146827698], [-0.2529168725013733, 0.21795754134655, -0.9426171779632568, 0.8561088442802429], [-0.746740996837616, 0.5755007266998291, 0.3334314227104187, -0.22100897133350372], [0.0, 0.0, 0.0, 1.0]]"
"[[0.9991744756680778, 0.038604732551414264, 0.012649896574145642, -0.00040590172943841794], [-0.038982048682134854, 0.9987564683091206, 0.031078605332161852, 1.1451225057698495], [-0.011434384602183018, -0.03154606709561165, 0.9994369149096498, -0.01726908401402045], [0.0, 0.0, 0.0, 1.0]]","[[0.5944048166275024, -0.7274686694145203, -0.3427419364452362, -0.20453040301799774], [0.303804486989975, 0.5977646112442017, -0.7418760657310486, 0.8460556864738464], [0.7445706725120544, 0.33684802055358887, 0.5763224959373474, -0.19006243348121643], [0.0, 0.0, 0.0, 1.0]]","[[0.6151509881019592, 0.7882214784622192, 0.017203819006681442, 0.15849915146827698], [-0.2529168725013733, 0.21795754134655, -0.9426171779632568, 0.8561088442802429], [-0.746740996837616, 0.5755007266998291, 0.3334314227104187, -0.22100897133350372], [0.0, 0.0, 0.0, 1.0]]"
"[[0.9991744756680778, 0.038604732551414264, 0.012649896574145642, -0.00040590172943841794], [-0.038982048682134854, 0.9987564683091206, 0.031078605332161852, 1.1451225057698495], [-0.011434384602183018, -0.03154606709561165, 0.9994369149096498, -0.01726908401402045], [0.0, 0.0, 0.0, 1.0]]","[[0.5909122824668884, -0.726250171661377, -0.35125932097435, -0.2041633576154709], [0.2978748679161072, 0.6010583639144897, -0.7416192889213562, 0.8477475047111511], [0.7497286200523376, 0.3336004912853241, 0.571504533290863, -0.19096334278583527], [0.0, 0.0, 0.0, 1.0]]","[[0.616102933883667, 0.7874593138694763, 0.01802043616771698, 0.1584831178188324], [-0.2503376305103302, 0.2174522578716278, -0.9434220194816589, 0.8565647006034851], [-0.7468252778053284, 0.5767337679862976, 0.3311038315296173, -0.22144022583961487], [0.0, 0.0, 0.0, 1.0]]"
"[[0.9991445540914261, 0.03909737876604584, 0.013473979017516118, -0.00033298423556805175], [-0.03949497752834775, 0.998750269464277, 0.030627504220948405, 1.1450351124187745], [-0.012259684683004875, -0.031133457788481526, 0.9994400739623629, -0.01682450365994354], [0.0, 0.0, 0.0, 1.0]]","[[0.5909122824668884, -0.726250171661377, -0.35125932097435, -0.2041633576154709], [0.2978748679161072, 0.6010583639144897, -0.7416192889213562, 0.8477475047111511], [0.7497286200523376, 0.3336004912853241, 0.571504533290863, -0.19096334278583527], [0.0, 0.0, 0.0, 1.0]]","[[0.616102933883667, 0.7874593138694763, 0.01802043616771698, 0.1584831178188324], [-0.2503376305103302, 0.2174522578716278, -0.9434220194816589, 0.8565647006034851], [-0.7468252778053284, 0.5767337679862976, 0.3311038315296173, -0.22144022583961487], [0.0, 0.0, 0.0, 1.0]]"
"[[0.9991022944833539, 0.03957294397248785, 0.015118354891999137, -0.0002737649995561818], [-0.04001125968800028, 0.9987522958970114, 0.029882491335158672, 1.1450967957140872], [-0.013916953506307228, -0.030460571169967334, 0.999439060723371, -0.016240495581863277], [0.0, 0.0, 0.0, 1.0]]","[[0.5909122824668884, -0.726250171661377, -0.35125932097435, -0.2041633576154709], [0.2978748679161072, 0.6010583639144897, -0.7416192889213562, 0.8477475047111511], [0.7497286200523376, 0.3336004912853241, 0.571504533290863, -0.19096334278583527], [0.0, 0.0, 0.0, 1.0]]","[[0.616102933883667, 0.7874593138694763, 0.01802043616771698, 0.1584831178188324], [-0.2503376305103302, 0.2174522578716278, -0.9434220194816589, 0.8565647006034851], [-0.7468252778053284, 0.5767337679862976, 0.3311038315296173, -0.22144022583961487], [0.0, 0.0, 0.0, 1.0]]"
"[[0.9990870952866374, 0.039573707407514536, 0.016089154214359084, -0.00021714330310309985], [-0.0400386631729203, 0.9987571239144227, 0.029684115064392332, 1.1451150432702377], [-0.014894446551107615, -0.030301205950727224, 0.9994298219752502, -0.015782081815124263], [0.0, 0.0, 0.0, 1.0]]","[[0.5898016691207886, -0.7220005393028259, -0.3617306053638458, -0.20413854718208313], [0.29830169677734375, 0.6110442280769348, -0.733240008354187, 0.8500642776489258], [0.7504331469535828, 0.324561208486557, 0.5757689476013184, -0.19246961176395416], [0.0, 0.0, 0.0, 1.0]]","[[0.6127802729606628, 0.7898038625717163, 0.026648251339793205, 0.15837986767292023], [-0.24355974793434143, 0.22083400189876556, -0.9444103240966797, 0.8576651811599731], [-0.7517837882041931, 0.5722255110740662, 0.32768720388412476, -0.2219693660736084], [0.0, 0.0, 0.0, 1.0]]"
"[[0.9990271926227764, 0.03883577957133762, 0.020892575432969736, -0.00024439125088467013], [-0.039443298435406775, 0.9987863302198587, 0.029497588894318288, 1.1452840519558516], [-0.019721656987951593, -0.030292964630771937, 0.9993464946488188, -0.014105441789181185], [0.0, 0.0, 0.0, 1.0]]","[[0.5898016691207886, -0.7220005393028259, -0.3617306053638458, -0.20413854718208313], [0.29830169677734375, 0.6110442280769348, -0.733240008354187, 0.8500642776489258], [0.7504331469535828, 0.324561208486557, 0.5757689476013184, -0.19246961176395416], [0.0, 0.0, 0.0, 1.0]]","[[0.6127802729606628, 0.7898038625717163, 0.026648251339793205, 0.15837986767292023], [-0.24355974793434143, 0.22083400189876556, -0.9444103240966797, 0.8576651811599731], [-0.7517837882041931, 0.5722255110740662, 0.32768720388412476, -0.2219693660736084], [0.0, 0.0, 0.0, 1.0]]"
"[[0.9990206956759282, 0.03818391224522407, 0.02235171779963584, -0.0002713003861317953], [-0.03883988076667969, 0.9988043308441725, 0.029688581937877347, 1.1453235982951724], [-0.021191365793613488, -0.03052764747110209, 0.9993092417633304, -0.013626088764850008], [0.0, 0.0, 0.0, 1.0]]","[[0.6010940670967102, -0.6948975920677185, -0.3947189152240753, -0.20192448794841766], [0.30364763736724854, 0.6554514765739441, -0.6915065050125122, 0.8628616333007812], [0.7392454147338867, 0.29580485820770264, 0.6049920916557312, -0.19665680825710297], [0.0, 0.0, 0.0, 1.0]]","[[0.6195966005325317, 0.7838307023048401, 0.04134257882833481, 0.15593409538269043], [-0.24126212298870087, 0.24030344188213348, -0.9402374029159546, 0.8645326495170593], [-0.746921956539154, 0.5725933909416199, 0.33800002932548523, -0.223037987947464], [0.0, 0.0, 0.0, 1.0]]"
"[[0.9989805221321908, 0.036414007809863626, 0.0266821833583171, -4.043839690944797e-05], [-0.03723045143772549, 0.9988328814721797, 0.030769077846084028, 1.1454407221638985], [-0.025530617472285532, -0.03173109910520514, 0.9991703033456875, -0.011377539718263576], [0.0, 0.0, 0.0, 1.0]]","[[0.6010940670967102, -0.6948975920677185, -0.3947189152240753, -0.20192448794841766], [0.30364763736724854, 0.6554514765739441, -0.6915065050125122, 0.8628616333007812], [0.7392454147338867, 0.29580485820770264, 0.6049920916557312, -0.19665680825710297], [0.0, 0.0, 0.0, 1.0]]","[[0.6195966005325317, 0.7838307023048401, 0.04134257882833481, 0.15593409538269043], [-0.24126212298870087, 0.24030344188213348, -0.9402374029159546, 0.8645326495170593], [-0.746921956539154, 0.5725933909416199, 0.33800002932548523, -0.223037987947464], [0.0, 0.0, 0.0, 1.0]]"
"[[0.99895912407052, 0.036051668229094905, 0.027946395133634096, 0.00014738091710109842], [-0.03692182525754793, 0.9988287091075907, 0.03127236609072769, 1.1454971482578973], [-0.026786242346267242, -0.03227164651541626, 0.9991201162697357, -0.010489297798705149], [0.0, 0.0, 0.0, 1.0]]","[[0.6036418676376343, -0.6868129372596741, -0.40485119819641113, -0.20100243389606476], [0.29995524883270264, 0.6661443710327148, -0.6828458905220032, 0.8678092360496521], [0.7386767268180847, 0.29075711965560913, 0.6081258058547974, -0.19910714030265808], [0.0, 0.0, 0.0, 1.0]]","[[0.6151145696640015, 0.7872303128242493, 0.043616507202386856, 0.15477390587329865], [-0.24785572290420532, 0.24558895826339722, -0.9371516704559326, 0.8677223920822144], [-0.7484660744667053, 0.5656449794769287, 0.34618496894836426, -0.22427979111671448], [0.0, 0.0, 0.0, 1.0]]"
"[[0.9989327192158579, 0.03612885582581334, 0.02877700703611521, 0.0003368998553399243], [-0.03703112941846078, 0.9988186955649181, 0.03146375730110887, 1.145406111378754], [-0.027606261871550998, -0.03249582261369941, 0.9990905523248392, -0.00928657718541509], [0.0, 0.0, 0.0, 1.0]]","[[0.6036418676376343, -0.6868129372596741, -0.40485119819641113, -0.20100243389606476], [0.29995524883270264, 0.6661443710327148, -0.6828458905220032, 0.8678092360496521], [0.7386767268180847, 0.29075711965560913, 0.6081258058547974, -0.19910714030265808], [0.0, 0.0, 0.0, 1.0]]","[[0.6151145696640015, 0.7872303128242493, 0.043616507202386856, 0.15477390587329865], [-0.24785572290420532, 0.24558895826339722, -0.9371516704559326, 0.8677223920822144], [-0.7484660744667053, 0.5656449794769287, 0.34618496894836426, -0.22427979111671448], [0.0, 0.0, 0.0, 1.0]]"
"[[0.9989055990982979, 0.03614417383047196, 0.029685208955572275, 0.0005796247604280824], [-0.03707444375780969, 0.9988187552117388, 0.031409208739343164, 1.1455016558620277], [-0.028514884030653817, -0.0324753959829183, 0.9990656971501205, -0.008311620282401865], [0.0, 0.0, 0.0, 1.0]]","[[0.6043285131454468, -0.6659718155860901, -0.43734246492385864, -0.1992848664522171], [0.2749750316143036, 0.6895293593406677, -0.6700282692909241, 0.880395770072937], [0.7477805018424988, 0.28465887904167175, 0.5998279452323914, -0.207295760512352], [0.0, 0.0, 0.0, 1.0]]","[[0.6048983931541443, 0.7947308421134949, 0.05000879615545273, 0.15143506228923798], [-0.2665323317050934, 0.2612461447715759, -0.9277451634407043, 0.8774356245994568], [-0.7503722310066223, 0.5478625893592834, 0.3698487877845764, -0.228274866938591], [0.0, 0.0, 0.0, 1.0]]"
"[[0.998873412565321, 0.036316866787818786, 0.030544891898237413, 0.0007753484790979504], [-0.03726498523101434, 0.998822450647797, 0.03106585048415462, 1.1455615432191217], [-0.0293807089881075, -0.03216910831353868, 0.9990504980404493, -0.0073224159471096915], [0.0, 0.0, 0.0, 1.0]]","[[0.6043285131454468, -0.6659718155860901, -0.43734246492385864, -0.1992848664522171], [0.2749750316143036, 0.6895293593406677, -0.6700282692909241, 0.880395770072937], [0.7477805018424988, 0.28465887904167175, 0.5998279452323914, -0.207295760512352], [0.0, 0.0, 0.0, 1.0]]","[[0.6048983931541443, 0.7947308421134949, 0.05000879615545273, 0.15143506228923798], [-0.2665323317050934, 0.2612461447715759, -0.9277451634407043, 0.8774356245994568], [-0.7503722310066223, 0.5478625893592834, 0.3698487877845764, -0.228274866938591], [0.0, 0.0, 0.0, 1.0]]"
"[[0.9987947941219172, 0.03726121107085132, 0.03194675636465047, 0.0010760358288823785], [-0.03821401974217507, 0.9988265633574651, 0.029751841781385287, 1.145723148698298], [-0.030800679279618517, -0.03093679727827755, 0.9990466832741653, -0.005777691870710665], [0.0, 0.0, 0.0, 1.0]]","[[0.6165061593055725, -0.6450863480567932, -0.4514240026473999, -0.19746221601963043], [0.2726748287677765, 0.7127955555915833, -0.6461971998214722, 0.8914778232574463], [0.7386260628700256, 0.2752925455570221, 0.6153417229652405, -0.21348409354686737], [0.0, 0.0, 0.0, 1.0]]","[[0.5924512147903442, 0.8033838272094727, 0.05979888513684273, 0.1476803869009018], [-0.28359538316726685, 0.2774607241153717, -0.9179264903068542, 0.8875981569290161], [-0.7540392279624939, 0.5268679857254028, 0.3922179341316223, -0.23141035437583923], [0.0, 0.0, 0.0, 1.0]]"
"[[0.9987197518504827, 0.03812896448906414, 0.03324202510525938, 0.001443950542966492], [-0.03907710325185305, 0.9988338351043429, 0.028354994110439277, 1.1459810103617905], [-0.0321221121866489, -0.029617695980097843, 0.9990450143845518, -0.003744886490422209], [0.0, 0.0, 0.0, 1.0]]","[[0.6165061593055725, -0.6450863480567932, -0.4514240026473999, -0.19746221601963043], [0.2726748287677765, 0.7127955555915833, -0.6461971998214722, 0.8914778232574463], [0.7386260628700256, 0.2752925455570221, 0.6153417229652405, -0.21348409354686737], [0.0, 0.0, 0.0, 1.0]]","[[0.5924512147903442, 0.8033838272094727, 0.05979888513684273, 0.1476803869009018], [-0.28359538316726685, 0.2774607241153717, -0.9179264903068542, 0.8875981569290161], [-0.7540392279624939, 0.5268679857254028, 0.3922179341316223, -0.23141035437583923], [0.0, 0.0, 0.0, 1.0]]"
"[[0.9986864327631836, 0.03865896050683521, 0.03362923396551242, 0.0015666110116218511], [-0.039579932793459664, 0.9988470673813635, 0.027165382428977786, 1.1460759869637962], [-0.03254027756131065, -0.0284607417146227, 0.999065101195747, -0.0028012543502265834], [0.0, 0.0, 0.0, 1.0]]","[[0.6165061593055725, -0.6450863480567932, -0.4514240026473999, -0.19746221601963043], [0.2726748287677765, 0.7127955555915833, -0.6461971998214722, 0.8914778232574463], [0.7386260628700256, 0.2752925455570221, 0.6153417229652405, -0.21348409354686737], [0.0, 0.0, 0.0, 1.0]]","[[0.5924512147903442, 0.8033838272094727, 0.05979888513684273, 0.1476803869009018], [-0.28359538316726685, 0.2774607241153717, -0.9179264903068542, 0.8875981569290161], [-0.7540392279624939, 0.5268679857254028, 0.3922179341316223, -0.23141035437583923], [0.0, 0.0, 0.0, 1.0]]"
"[[0.9986864327631836, 0.03865896050683521, 0.03362923396551242, 0.0015666110116218511], [-0.039579932793459664, 0.9988470673813635, 0.027165382428977786, 1.1460759869637962], [-0.03254027756131065, -0.0284607417146227, 0.999065101195747, -0.0028012543502265834], [0.0, 0.0, 0.0, 1.0]]","[[0.6320714354515076, -0.6287176609039307, -0.45298975706100464, -0.19563370943069458], [0.2751847803592682, 0.7285833358764648, -0.6272476315498352, 0.8997199535369873], [0.7244024872779846, 0.2718093693256378, 0.6335302591323853, -0.21724793314933777], [0.0, 0.0, 0.0, 1.0]]","[[0.5809186100959778, 0.8109210729598999, 0.07028847932815552, 0.14526192843914032], [-0.29260027408599854, 0.288627952337265, -0.9116352200508118, 0.8947365283966064], [-0.7595515251159668, 0.5090193748474121, 0.40494516491889954, -0.23410001397132874], [0.0, 0.0, 0.0, 1.0]]"
"[[0.9985917210898788, 0.03985314498394665, 0.03501800103636516, 0.0020678944487883496], [-0.04069055562168427, 0.9988945722240502, 0.023535426220129045, 1.1462241171402305], [-0.03404132993368375, -0.0249271844716568, 0.9991095066085268, -0.00023712677327608275], [0.0, 0.0, 0.0, 1.0]]","[[0.6320714354515076, -0.6287176609039307, -0.45298975706100464, -0.19563370943069458], [0.2751847803592682, 0.7285833358764648, -0.6272476315498352, 0.8997199535369873], [0.7244024872779846, 0.2718093693256378, 0.6335302591323853, -0.21724793314933777], [0.0, 0.0, 0.0, 1.0]]","[[0.5809186100959778, 0.8109210729598999, 0.07028847932815552, 0.14526192843914032], [-0.29260027408599854, 0.288627952337265, -0.9116352200508118, 0.8947365283966064], [-0.7595515251159668, 0.5090193748474121, 0.40494516491889954, -0.23410001397132874], [0.0, 0.0, 0.0, 1.0]]"
"[[0.9985609649533973, 0.04019017360393298, 0.03550782674776674, 0.002144382130930185], [-0.04101206519420857, 0.9989000559716257, 0.022729526296826032, 1.146215439993035], [-0.034555268792041585, -0.024153065844802236, 0.9991108775365809, 0.0009032361423743848], [0.0, 0.0, 0.0, 1.0]]","[[0.6254117488861084, -0.6290910840034485, -0.46163251996040344, -0.19238735735416412], [0.2912570834159851, 0.7370619773864746, -0.609843373298645, 0.9185850620269775], [0.7238988280296326, 0.2469494789838791, 0.6441944241523743, -0.23054087162017822], [0.0, 0.0, 0.0, 1.0]]","[[0.5956317782402039, 0.7969188094139099, 0.10071268677711487, 0.14017818868160248], [-0.2835279703140259, 0.3258928060531616, -0.901889979839325, 0.9129695892333984], [-0.7515547275543213, 0.5086394548416138, 0.4200609624385834, -0.24281615018844604], [0.0, 0.0, 0.0, 1.0]]"
"[[0.9984680414554037, 0.04110578173969245, 0.037038255315414395, 0.0024847633527496217], [-0.04187752952601461, 0.9989163875243642, 0.020307122122704937, 1.146469719653296], [-0.036163378674396535, -0.02182708461934331, 0.9991074800487506, 0.003599427394665995], [0.0, 0.0, 0.0, 1.0]]","[[0.6254117488861084, -0.6290910840034485, -0.46163251996040344, -0.19238735735416412], [0.2912570834159851, 0.7370619773864746, -0.609843373298645, 0.9185850620269775], [0.7238988280296326, 0.2469494789838791, 0.6441944241523743, -0.23054087162017822], [0.0, 0.0, 0.0, 1.0]]","[[0.5956317782402039, 0.7969188094139099, 0.10071268677711487, 0.14017818868160248], [-0.2835279703140259, 0.3258928060531616, -0.901889979839325, 0.9129695892333984], [-0.7515547275543213, 0.5086394548416138, 0.4200609624385834, -0.24281615018844604], [0.0, 0.0, 0.0, 1.0]]"
