Head Pose,Left Arm Pose,Right Arm Pose
"[[0.0, 0.0, 0.0, 0.0], [0.0, 0.0, 0.0, 0.0], [0.0, 0.0, 0.0, 0.0], [0.0, 0.0, 0.0, 0.0]]","[[0.0, 0.0, 0.0, 0.0], [0.0, 0.0, 0.0, 0.0], [0.0, 0.0, 0.0, 0.0], [0.0, 0.0, 0.0, 0.0]]","[[0.0, 0.0, 0.0, 0.0], [0.0, 0.0, 0.0, 0.0], [0.0, 0.0, 0.0, 0.0], [0.0, 0.0, 0.0, 0.0]]"
"[[0.847998304005088, 0.32982091628272336, -0.4148699068225112, -0.5000000000000001], [0.0, 0.7827749746443304, 0.6223048602337666, 0.7499999999999999], [0.5299989400031799, -0.5277134660523575, 0.663791850916018, 0.8000000000000002], [0.0, 0.0, 0.0, 1.0]]","[[0.0, 0.0, 0.0, 0.0], [0.0, 0.0, 0.0, 0.0], [0.0, 0.0, 0.0, 0.0], [0.0, 0.0, 0.0, 0.0]]","[[0.0, 0.0, 0.0, 0.0], [0.0, 0.0, 0.0, 0.0], [0.0, 0.0, 0.0, 0.0], [0.0, 0.0, 0.0, 0.0]]"
"[[1.0, 0.0, 0.0, 0.0], [0.0, 1.0, 0.0, 0.0], [0.0, 0.0, 1.0, 0.0], [0.0, 0.0, 0.0, 1.0]]","[[0.0, 0.0, 0.0, 0.0], [0.0, 0.0, 0.0, 0.0], [0.0, 0.0, 0.0, 0.0], [0.0, 0.0, 0.0, 0.0]]","[[0.0, 0.0, 0.0, 0.0], [0.0, 0.0, 0.0, 0.0], [0.0, 0.0, 0.0, 0.0], [0.0, 0.0, 0.0, 0.0]]"
"[[0.9998422861146455, 0.015047459156029242, 0.009432074766914328, 0.000668681179677305], [-0.01639761567044972, 0.9861674893945319, 0.1649387265032296, 1.1745019511273804], [-0.006819696943898718, -0.16506738118472072, 0.9862586866708125, -0.012261422192528397], [0.0, 0.0, 0.0, 1.0]]","[[0.0, 0.0, 0.0, 0.0], [0.0, 0.0, 0.0, 0.0], [0.0, 0.0, 0.0, 0.0], [0.0, 0.0, 0.0, 0.0]]","[[0.0, 0.0, 0.0, 0.0], [0.0, 0.0, 0.0, 0.0], [0.0, 0.0, 0.0, 0.0], [0.0, 0.0, 0.0, 0.0]]"
"[[0.9998422861146455, 0.015047459156029242, 0.009432074766914328, 0.000668681179677305], [-0.01639761567044972, 0.9861674893945319, 0.1649387265032296, 1.1745019511273804], [-0.006819696943898718, -0.16506738118472072, 0.9862586866708125, -0.012261422192528397], [0.0, 0.0, 0.0, 1.0]]","[[0.5836369395256042, -0.8081365823745728, -0.07926549762487411, -0.21236222982406616], [0.39895758032798767, 0.37040358781814575, -0.8388287425041199, 0.8594917058944702], [0.7072485685348511, 0.4579477608203888, 0.538593590259552, -0.09131339192390442], [0.0, 0.0, 0.0, 1.0]]","[[0.6621538400650024, 0.7476611733436584, -0.05054594948887825, 0.15601420402526855], [-0.2613265812397003, 0.1671697050333023, -0.9506641030311584, 0.8627869486808777], [-0.7023251056671143, 0.6426947712898254, 0.30607593059539795, -0.12503480911254883], [0.0, 0.0, 0.0, 1.0]]"
"[[0.9998571276670325, 0.016269132527325574, 0.004587329466503894, 0.0012613576565342372], [-0.016805572402860697, 0.9859282961320811, 0.16632195767785063, 1.1743367964264504], [-0.001816863884541358, -0.16637528482054717, 0.9860608586826094, -0.012274293345112097], [0.0, 0.0, 0.0, 1.0]]","[[0.5836369395256042, -0.8081365823745728, -0.07926549762487411, -0.21236222982406616], [0.39895758032798767, 0.37040358781814575, -0.8388287425041199, 0.8594917058944702], [0.7072485685348511, 0.4579477608203888, 0.538593590259552, -0.09131339192390442], [0.0, 0.0, 0.0, 1.0]]","[[0.6621538400650024, 0.7476611733436584, -0.05054594948887825, 0.15601420402526855], [-0.2613265812397003, 0.1671697050333023, -0.9506641030311584, 0.8627869486808777], [-0.7023251056671143, 0.6426947712898254, 0.30607593059539795, -0.12503480911254883], [0.0, 0.0, 0.0, 1.0]]"
"[[0.999852597706301, 0.016518741417636304, 0.004683385214761353, 0.001297068422801411], [-0.017067937608848182, 0.9859013562003198, 0.16645491389484487, 1.1742490345334673], [-0.0018677300931955808, -0.1665103110864631, 0.9860379691393463, -0.012348979340094195], [0.0, 0.0, 0.0, 1.0]]","[[0.5771183967590332, -0.8124164938926697, -0.08314834535121918, -0.21174973249435425], [0.4020135700702667, 0.37124350666999817, -0.8369964957237244, 0.860062837600708], [0.710858166217804, 0.44961923360824585, 0.5408540368080139, -0.0918072760105133], [0.0, 0.0, 0.0, 1.0]]","[[0.6699954867362976, 0.7405267953872681, -0.052210573107004166, 0.15640681982040405], [-0.2614814043045044, 0.16958369314670563, -0.9501939415931702, 0.8632031679153442], [-0.6947901844978333, 0.6502777338027954, 0.3072543740272522, -0.12490808963775635], [0.0, 0.0, 0.0, 1.0]]"
"[[0.999837398532699, 0.017251391169827237, 0.005248278827876065, 0.001913215476398657], [-0.01788609826822972, 0.9857655771022417, 0.16717140814661743, 1.1738595005900259], [-0.002289633283853321, -0.1672380969822431, 0.9859138719760695, -0.012927851879163295], [0.0, 0.0, 0.0, 1.0]]","[[0.5771183967590332, -0.8124164938926697, -0.08314834535121918, -0.21174973249435425], [0.4020135700702667, 0.37124350666999817, -0.8369964957237244, 0.860062837600708], [0.710858166217804, 0.44961923360824585, 0.5408540368080139, -0.0918072760105133], [0.0, 0.0, 0.0, 1.0]]","[[0.6699954867362976, 0.7405267953872681, -0.052210573107004166, 0.15640681982040405], [-0.2614814043045044, 0.16958369314670563, -0.9501939415931702, 0.8632031679153442], [-0.6947901844978333, 0.6502777338027954, 0.3072543740272522, -0.12490808963775635], [0.0, 0.0, 0.0, 1.0]]"
"[[0.99982041121106, 0.018036116220550513, 0.0058143786261471595, 0.002052586827478862], [-0.018754537842674293, 0.9857444759951546, 0.16720090619325279, 1.173748658302712], [-0.002715836501246442, -0.1672799307942425, 0.9859057071998193, -0.013252730202384065], [0.0, 0.0, 0.0, 1.0]]","[[0.5724927186965942, -0.8151248097419739, -0.08845015615224838, -0.21071264147758484], [0.4013024866580963, 0.37264296412467957, -0.8367156982421875, 0.86232990026474], [0.7149882316589355, 0.4435182809829712, 0.5404471755027771, -0.0946420207619667], [0.0, 0.0, 0.0, 1.0]]","[[0.6706205606460571, 0.7401837706565857, -0.048947304487228394, 0.15893152356147766], [-0.25389984250068665, 0.16703779995441437, -0.9526975750923157, 0.8636882305145264], [-0.6969954967498779, 0.6513261795043945, 0.2999517023563385, -0.1262706220149994], [0.0, 0.0, 0.0, 1.0]]"
"[[0.9998188018900747, 0.01806724313355431, 0.005993736348636581, 0.0022834065275446], [-0.018816150169005532, 0.9856899372558852, 0.16751500492299348, 1.1738057579848673], [-0.002881431347168845, -0.16759743268286445, 0.9858512886441552, -0.013801994645603909], [0.0, 0.0, 0.0, 1.0]]","[[0.5724927186965942, -0.8151248097419739, -0.08845015615224838, -0.21071264147758484], [0.4013024866580963, 0.37264296412467957, -0.8367156982421875, 0.86232990026474], [0.7149882316589355, 0.4435182809829712, 0.5404471755027771, -0.0946420207619667], [0.0, 0.0, 0.0, 1.0]]","[[0.6706205606460571, 0.7401837706565857, -0.048947304487228394, 0.15893152356147766], [-0.25389984250068665, 0.16703779995441437, -0.9526975750923157, 0.8636882305145264], [-0.6969954967498779, 0.6513261795043945, 0.2999517023563385, -0.1262706220149994], [0.0, 0.0, 0.0, 1.0]]"
"[[0.9998241066922393, 0.01765866015705387, 0.006316994178563638, 0.00252396943717482], [-0.01846895928827006, 0.9856225248132422, 0.16794976355996732, 1.173920070461085], [-0.0032604040098485466, -0.16803689537081118, 0.9857752923227896, -0.014483757766507867], [0.0, 0.0, 0.0, 1.0]]","[[0.5742727518081665, -0.8127426505088806, -0.09828588366508484, -0.2106645405292511], [0.395795077085495, 0.3807255029678345, -0.8356997966766357, 0.8655360341072083], [0.716628909111023, 0.4410184919834137, 0.5403198599815369, -0.09685530513525009], [0.0, 0.0, 0.0, 1.0]]","[[0.6744233965873718, 0.7368621826171875, -0.046765826642513275, 0.16077911853790283], [-0.24539686739444733, 0.16396388411521912, -0.9554558992385864, 0.8640975952148438], [-0.6963715553283691, 0.6558579206466675, 0.2914048433303833, -0.12826524674892426], [0.0, 0.0, 0.0, 1.0]]"
"[[0.999826014038112, 0.01752957681612352, 0.006375329537635843, 0.002678681590643717], [-0.018351352042991133, 0.9856327770045615, 0.16790239387914344, 1.1740203132874059], [-0.003340475991049607, -0.16799017911985714, 0.9857829811320029, -0.01493286954120044], [0.0, 0.0, 0.0, 1.0]]","[[0.5768603682518005, -0.8106513023376465, -0.1003815308213234, -0.2108059823513031], [0.38995012640953064, 0.38128072023391724, -0.8381907343864441, 0.8667632341384888], [0.717754065990448, 0.4443751871585846, 0.5360594391822815, -0.09857723861932755], [0.0, 0.0, 0.0, 1.0]]","[[0.6762365102767944, 0.7351682782173157, -0.04724087938666344, 0.1615751087665558], [-0.24166560173034668, 0.16080178320407867, -0.956943154335022, 0.8643219470977783], [-0.6959179639816284, 0.6585363149642944, 0.2864049971103668, -0.12938779592514038], [0.0, 0.0, 0.0, 1.0]]"
"[[0.9998199939721217, 0.017858847980643015, 0.00640195399278391, 0.003035364072856587], [-0.018680488685821794, 0.9856231794765864, 0.1679227121613405, 1.17406328359829], [-0.003311007975250596, -0.16801209072848375, 0.9857793464256291, -0.01570297355289478], [0.0, 0.0, 0.0, 1.0]]","[[0.5768603682518005, -0.8106513023376465, -0.1003815308213234, -0.2108059823513031], [0.38995012640953064, 0.38128072023391724, -0.8381907343864441, 0.8667632341384888], [0.717754065990448, 0.4443751871585846, 0.5360594391822815, -0.09857723861932755], [0.0, 0.0, 0.0, 1.0]]","[[0.6762365102767944, 0.7351682782173157, -0.04724087938666344, 0.1615751087665558], [-0.24166560173034668, 0.16080178320407867, -0.956943154335022, 0.8643219470977783], [-0.6959179639816284, 0.6585363149642944, 0.2864049971103668, -0.12938779592514038], [0.0, 0.0, 0.0, 1.0]]"
"[[0.9998199939721217, 0.017858847980643015, 0.00640195399278391, 0.003035364072856587], [-0.018680488685821794, 0.9856231794765864, 0.1679227121613405, 1.17406328359829], [-0.003311007975250596, -0.16801209072848375, 0.9857793464256291, -0.01570297355289478], [0.0, 0.0, 0.0, 1.0]]","[[0.5779901146888733, -0.8100563883781433, -0.09867124259471893, -0.21026961505413055], [0.38883164525032043, 0.37968799471855164, -0.8394325375556946, 0.8686123490333557], [0.7174519896507263, 0.44681718945503235, 0.534431517124176, -0.10022084414958954], [0.0, 0.0, 0.0, 1.0]]","[[0.6791063547134399, 0.7326495051383972, -0.04515799880027771, 0.1624816656112671], [-0.2346920520067215, 0.15842649340629578, -0.9590727686882019, 0.8646906614303589], [-0.6955099701881409, 0.6619106531143188, 0.2795354723930359, -0.13058994710445404], [0.0, 0.0, 0.0, 1.0]]"
"[[0.9998043179599653, 0.018687692005396543, 0.006490507061893742, 0.003694056861707115], [-0.019513282459019957, 0.9855636956678286, 0.16817683125520594, 1.1741998681960766], [-0.003253971327727041, -0.1682705715796863, 0.9857354757719325, -0.017245473352074343], [0.0, 0.0, 0.0, 1.0]]","[[0.5779901146888733, -0.8100563883781433, -0.09867124259471893, -0.21026961505413055], [0.38883164525032043, 0.37968799471855164, -0.8394325375556946, 0.8686123490333557], [0.7174519896507263, 0.44681718945503235, 0.534431517124176, -0.10022084414958954], [0.0, 0.0, 0.0, 1.0]]","[[0.6791063547134399, 0.7326495051383972, -0.04515799880027771, 0.1624816656112671], [-0.2346920520067215, 0.15842649340629578, -0.9590727686882019, 0.8646906614303589], [-0.6955099701881409, 0.6619106531143188, 0.2795354723930359, -0.13058994710445404], [0.0, 0.0, 0.0, 1.0]]"
"[[0.9997977614244525, 0.01896979769362459, 0.006678058117968706, 0.0037906129853164648], [-0.01982347557650559, 0.9855304356666323, 0.16833522689340777, 1.1741442755350289], [-0.003388144490899776, -0.16843356418611347, 0.9857071641987717, -0.017406525816921613], [0.0, 0.0, 0.0, 1.0]]","[[0.5791130661964417, -0.8090606927871704, -0.10024233162403107, -0.20998409390449524], [0.3824394941329956, 0.3781961500644684, -0.8430345058441162, 0.870140552520752], [0.719977617263794, 0.44987553358078003, 0.5284353494644165, -0.10209467262029648], [0.0, 0.0, 0.0, 1.0]]","[[0.6804925799369812, 0.7315663695335388, -0.041716884821653366, 0.16334688663482666], [-0.23234529793262482, 0.16143018007278442, -0.9591431617736816, 0.8653404712677002], [-0.6949427127838135, 0.6623824834823608, 0.27982813119888306, -0.13164791464805603], [0.0, 0.0, 0.0, 1.0]]"
"[[0.9997846484097052, 0.019532391417272053, 0.007012201698312637, 0.00486551767673866], [-0.020436970901243735, 0.9853944186428621, 0.1690566711823391, 1.174434501975659], [-0.003607703380470994, -0.16916356750326883, 0.9855813976166301, -0.020321646585429547], [0.0, 0.0, 0.0, 1.0]]","[[0.5791130661964417, -0.8090606927871704, -0.10024233162403107, -0.20998409390449524], [0.3824394941329956, 0.3781961500644684, -0.8430345058441162, 0.870140552520752], [0.719977617263794, 0.44987553358078003, 0.5284353494644165, -0.10209467262029648], [0.0, 0.0, 0.0, 1.0]]","[[0.6804925799369812, 0.7315663695335388, -0.041716884821653366, 0.16334688663482666], [-0.23234529793262482, 0.16143018007278442, -0.9591431617736816, 0.8653404712677002], [-0.6949427127838135, 0.6623824834823608, 0.27982813119888306, -0.13164791464805603], [0.0, 0.0, 0.0, 1.0]]"
"[[0.9997770190243369, 0.019883204312785438, 0.007109960777988393, 0.005213223692069821], [-0.02080034458471936, 0.9853369599933408, 0.16934691737341703, 1.1745260504693642], [-0.0036385478411561653, -0.1694570444996375, 0.9855308526411135, -0.021227324510327564], [0.0, 0.0, 0.0, 1.0]]","[[0.5809468626976013, -0.8077996969223022, -0.0998004674911499, -0.20957401394844055], [0.38041314482688904, 0.37786754965782166, -0.8440980911254883, 0.8715015053749084], [0.7195737361907959, 0.45241063833236694, 0.5268187522888184, -0.1039251759648323], [0.0, 0.0, 0.0, 1.0]]","[[0.6804659962654114, 0.7316864132881165, -0.04001085087656975, 0.16432785987854004], [-0.2332119196653366, 0.1644774228334427, -0.9584148526191711, 0.8655369281768799], [-0.6946784257888794, 0.6614996194839478, 0.2825593948364258, -0.13262933492660522], [0.0, 0.0, 0.0, 1.0]]"
"[[0.9997648000799131, 0.020498246328233025, 0.007081429530080893, 0.005698229419091881], [-0.021402902527453176, 0.9852642994628815, 0.1696945173689717, 1.1746132078368028], [-0.003498639622557423, -0.16980617809802406, 0.9854712504541233, -0.022412865678896575], [0.0, 0.0, 0.0, 1.0]]","[[0.5809468626976013, -0.8077996969223022, -0.0998004674911499, -0.20957401394844055], [0.38041314482688904, 0.37786754965782166, -0.8440980911254883, 0.8715015053749084], [0.7195737361907959, 0.45241063833236694, 0.5268187522888184, -0.1039251759648323], [0.0, 0.0, 0.0, 1.0]]","[[0.6804659962654114, 0.7316864132881165, -0.04001085087656975, 0.16432785987854004], [-0.2332119196653366, 0.1644774228334427, -0.9584148526191711, 0.8655369281768799], [-0.6946784257888794, 0.6614996194839478, 0.2825593948364258, -0.13262933492660522], [0.0, 0.0, 0.0, 1.0]]"
"[[0.9997562765913618, 0.020925632910554028, 0.0070371806742378475, 0.0061145744494685616], [-0.021817520959551716, 0.9852077373830708, 0.16996975750564164, 1.1746589183718907], [-0.003376360085817334, -0.1700818636930126, 0.9854241600839321, -0.023365580835074177], [0.0, 0.0, 0.0, 1.0]]","[[0.5809468626976013, -0.8077996969223022, -0.0998004674911499, -0.20957401394844055], [0.38041314482688904, 0.37786754965782166, -0.8440980911254883, 0.8715015053749084], [0.7195737361907959, 0.45241063833236694, 0.5268187522888184, -0.1039251759648323], [0.0, 0.0, 0.0, 1.0]]","[[0.6804659962654114, 0.7316864132881165, -0.04001085087656975, 0.16432785987854004], [-0.2332119196653366, 0.1644774228334427, -0.9584148526191711, 0.8655369281768799], [-0.6946784257888794, 0.6614996194839478, 0.2825593948364258, -0.13262933492660522], [0.0, 0.0, 0.0, 1.0]]"
"[[0.9997484683889293, 0.02130838815727737, 0.007000660169373882, 0.006485843214232008], [-0.02218998636445496, 0.9851217864890508, 0.17041912609008972, 1.1746604415840263], [-0.0032651460548232787, -0.17053160137267884, 0.9853467942448995, -0.024185750107174945], [0.0, 0.0, 0.0, 1.0]]","[[0.5822933912277222, -0.8067394495010376, -0.10052727907896042, -0.2086944878101349], [0.37960460782051086, 0.3791497051715851, -0.8438871502876282, 0.8735130429267883], [0.7189120650291443, 0.45322921872138977, 0.5270184874534607, -0.10695749521255493], [0.0, 0.0, 0.0, 1.0]]","[[0.6772267818450928, 0.7348037958145142, -0.037778787314891815, 0.16572171449661255], [-0.23815320432186127, 0.17033201456069946, -0.9561746716499329, 0.8658990859985352], [-0.6961658596992493, 0.6565442085266113, 0.2903493046760559, -0.13437844812870026], [0.0, 0.0, 0.0, 1.0]]"
"[[0.9997247457675679, 0.022518592697543194, 0.006581144806706715, 0.008092812781726858], [-0.02331782058163259, 0.9846438771841831, 0.173010770195159, 1.1745303018809692], [-0.002584124748817273, -0.1731166057651911, 0.9848979705056814, -0.027810940038147613], [0.0, 0.0, 0.0, 1.0]]","[[0.5822933912277222, -0.8067394495010376, -0.10052727907896042, -0.2086944878101349], [0.37960460782051086, 0.3791497051715851, -0.8438871502876282, 0.8735130429267883], [0.7189120650291443, 0.45322921872138977, 0.5270184874534607, -0.10695749521255493], [0.0, 0.0, 0.0, 1.0]]","[[0.6772267818450928, 0.7348037958145142, -0.037778787314891815, 0.16572171449661255], [-0.23815320432186127, 0.17033201456069946, -0.9561746716499329, 0.8658990859985352], [-0.6961658596992493, 0.6565442085266113, 0.2903493046760559, -0.13437844812870026], [0.0, 0.0, 0.0, 1.0]]"
"[[0.9997247457675679, 0.022518592697543194, 0.006581144806706715, 0.008092812781726858], [-0.02331782058163259, 0.9846438771841831, 0.173010770195159, 1.1745303018809692], [-0.002584124748817273, -0.1731166057651911, 0.9848979705056814, -0.027810940038147613], [0.0, 0.0, 0.0, 1.0]]","[[0.5852971076965332, -0.8045298457145691, -0.10079117119312286, -0.20803935825824738], [0.3791312575340271, 0.38143807649612427, -0.8430684208869934, 0.8747537136077881], [0.716719388961792, 0.4552323818206787, 0.5282770991325378, -0.10885833948850632], [0.0, 0.0, 0.0, 1.0]]","[[0.6772235631942749, 0.7348807454109192, -0.03630976751446724, 0.1669073849916458], [-0.24048331379890442, 0.17443735897541046, -0.9548503160476685, 0.8658111095428467], [-0.6953674554824829, 0.6553789377212524, 0.29485973715782166, -0.13587386906147003], [0.0, 0.0, 0.0, 1.0]]"
"[[0.9997160434747319, 0.022997561949696443, 0.006237710309018202, 0.008636376337628307], [-0.023732142415437796, 0.9844701303074568, 0.17394054669615588, 1.1745257329819276], [-0.002140631019334484, -0.17403919261220133, 0.984736381665768, -0.029116899305252276], [0.0, 0.0, 0.0, 1.0]]","[[0.5852971076965332, -0.8045298457145691, -0.10079117119312286, -0.20803935825824738], [0.3791312575340271, 0.38143807649612427, -0.8430684208869934, 0.8747537136077881], [0.716719388961792, 0.4552323818206787, 0.5282770991325378, -0.10885833948850632], [0.0, 0.0, 0.0, 1.0]]","[[0.6772235631942749, 0.7348807454109192, -0.03630976751446724, 0.1669073849916458], [-0.24048331379890442, 0.17443735897541046, -0.9548503160476685, 0.8658111095428467], [-0.6953674554824829, 0.6553789377212524, 0.29485973715782166, -0.13587386906147003], [0.0, 0.0, 0.0, 1.0]]"
"[[0.9996982216804192, 0.02388466138566025, 0.0057445510461448255, 0.009447076501103319], [-0.024522135144228865, 0.9841855157216085, 0.17543529838795546, 1.1744092606459609], [-0.0014634912662686347, -0.17552322774653567, 0.9844741832448701, -0.03085155671302623], [0.0, 0.0, 0.0, 1.0]]","[[0.5852971076965332, -0.8045298457145691, -0.10079117119312286, -0.20803935825824738], [0.3791312575340271, 0.38143807649612427, -0.8430684208869934, 0.8747537136077881], [0.716719388961792, 0.4552323818206787, 0.5282770991325378, -0.10885833948850632], [0.0, 0.0, 0.0, 1.0]]","[[0.6772235631942749, 0.7348807454109192, -0.03630976751446724, 0.1669073849916458], [-0.24048331379890442, 0.17443735897541046, -0.9548503160476685, 0.8658111095428467], [-0.6953674554824829, 0.6553789377212524, 0.29485973715782166, -0.13587386906147003], [0.0, 0.0, 0.0, 1.0]]"
"[[0.9996895194022257, 0.02432349499047451, 0.005403945407507627, 0.00983058240037188], [-0.024895204345577415, 0.9840361481903384, 0.17621881100757167, 1.1743526095258967], [-0.0010314202414325733, -0.17629862990753611, 0.9843361967851699, -0.03178760959575719], [0.0, 0.0, 0.0, 1.0]]","[[0.5841348171234131, -0.8052963614463806, -0.10141085088253021, -0.2069680541753769], [0.3800877630710602, 0.381795734167099, -0.8424755930900574, 0.8761827945709229], [0.7171608805656433, 0.4535742700099945, 0.5291035771369934, -0.11152589321136475], [0.0, 0.0, 0.0, 1.0]]","[[0.6782055497169495, 0.7341066598892212, -0.03353477641940117, 0.1685967892408371], [-0.24200206995010376, 0.18002036213874817, -0.9534293413162231, 0.865598738193512], [-0.6938819289207458, 0.6547365784645081, 0.29974615573883057, -0.13803806900978088], [0.0, 0.0, 0.0, 1.0]]"
"[[0.9996874928440309, 0.024471742892917727, 0.005102636398793673, 0.010233438011039396], [-0.024988567596021555, 0.9838931561615597, 0.17700237094901627, 1.1743812105239435], [-0.0006888925083451815, -0.17707456589199477, 0.9841971992377074, -0.03289725954764493], [0.0, 0.0, 0.0, 1.0]]","[[0.5841348171234131, -0.8052963614463806, -0.10141085088253021, -0.2069680541753769], [0.3800877630710602, 0.381795734167099, -0.8424755930900574, 0.8761827945709229], [0.7171608805656433, 0.4535742700099945, 0.5291035771369934, -0.11152589321136475], [0.0, 0.0, 0.0, 1.0]]","[[0.6782055497169495, 0.7341066598892212, -0.03353477641940117, 0.1685967892408371], [-0.24200206995010376, 0.18002036213874817, -0.9534293413162231, 0.865598738193512], [-0.6938819289207458, 0.6547365784645081, 0.29974615573883057, -0.13803806900978088], [0.0, 0.0, 0.0, 1.0]]"
"[[0.9996804595135179, 0.024843188563654788, 0.004664589953901579, 0.010993846233631538], [-0.025276857798626068, 0.9835971589352138, 0.17859939990647128, 1.1741994880702096], [-0.00015109885396495732, -0.17866024615161136, 0.9839107994632681, -0.03478201980561944], [0.0, 0.0, 0.0, 1.0]]","[[0.5818299055099487, -0.8064101338386536, -0.10571961104869843, -0.20627090334892273], [0.37670254707336426, 0.382404088973999, -0.8437192440032959, 0.8771003484725952], [0.7208114266395569, 0.4510761797428131, 0.5262709259986877, -0.11359983682632446], [0.0, 0.0, 0.0, 1.0]]","[[0.6788797378540039, 0.733597457408905, -0.030935395509004593, 0.16985824704170227], [-0.24559400975704193, 0.1871669590473175, -0.9511319398880005, 0.8652874827384949], [-0.691957950592041, 0.6533016562461853, 0.30723103880882263, -0.13964703679084778], [0.0, 0.0, 0.0, 1.0]]"
"[[0.999683618560798, 0.024736604328537554, 0.004552899511441992, 0.011373015711134587], [-0.025152075429176732, 0.9834523793435639, 0.17941237797198248, 1.174145577487048], [-3.9506851930003076e-05, -0.17947013865056088, 0.9837633970839045, -0.035892161193154484], [0.0, 0.0, 0.0, 1.0]]","[[0.5818299055099487, -0.8064101338386536, -0.10571961104869843, -0.20627090334892273], [0.37670254707336426, 0.382404088973999, -0.8437192440032959, 0.8771003484725952], [0.7208114266395569, 0.4510761797428131, 0.5262709259986877, -0.11359983682632446], [0.0, 0.0, 0.0, 1.0]]","[[0.6788797378540039, 0.733597457408905, -0.030935395509004593, 0.16985824704170227], [-0.24559400975704193, 0.1871669590473175, -0.9511319398880005, 0.8652874827384949], [-0.691957950592041, 0.6533016562461853, 0.30723103880882263, -0.13964703679084778], [0.0, 0.0, 0.0, 1.0]]"
"[[0.9996910691164154, 0.024441673961101733, 0.004518597319214088, 0.01184056937525412], [-0.02485582085269812, 0.9832975858762641, 0.1803000090988029, 1.173987498494201], [-3.6291798357205664e-05, -0.1803566248743188, 0.9836012726806085, -0.03710597260101442], [0.0, 0.0, 0.0, 1.0]]","[[0.5818299055099487, -0.8064101338386536, -0.10571961104869843, -0.20627090334892273], [0.37670254707336426, 0.382404088973999, -0.8437192440032959, 0.8771003484725952], [0.7208114266395569, 0.4510761797428131, 0.5262709259986877, -0.11359983682632446], [0.0, 0.0, 0.0, 1.0]]","[[0.6788797378540039, 0.733597457408905, -0.030935395509004593, 0.16985824704170227], [-0.24559400975704193, 0.1871669590473175, -0.9511319398880005, 0.8652874827384949], [-0.691957950592041, 0.6533016562461853, 0.30723103880882263, -0.13964703679084778], [0.0, 0.0, 0.0, 1.0]]"
"[[0.9996926784488422, 0.024385157864007787, 0.004458582611919184, 0.012326786683068063], [-0.024789389331426787, 0.9831556681672737, 0.18108125238740136, 1.1738945897176427], [3.221415791361193e-05, -0.18113612920916392, 0.9834580417617277, -0.038258800675972926], [0.0, 0.0, 0.0, 1.0]]","[[0.5807204246520996, -0.8070729970932007, -0.10675562173128128, -0.20555701851844788], [0.37657350301742554, 0.3825606405735016, -0.8437057733535767, 0.8778100609779358], [0.7217727899551392, 0.4497557580471039, 0.52608323097229, -0.11666186153888702], [0.0, 0.0, 0.0, 1.0]]","[[0.6861644983291626, 0.7269603610038757, -0.02658308483660221, 0.1715751439332962], [-0.24222934246063232, 0.19387315213680267, -0.9506511092185974, 0.8650891184806824], [-0.6859322190284729, 0.6587421298027039, 0.30912014842033386, -0.14235568046569824], [0.0, 0.0, 0.0, 1.0]]"
"[[0.999693930119113, 0.02435688925899301, 0.004338614185953487, 0.012815633391695053], [-0.024739750940429878, 0.9830290688701536, 0.1817739230440838, 1.173811369766046], [0.0001624634550260123, -0.181825615759017, 0.9833307849050896, -0.03936893585835055], [0.0, 0.0, 0.0, 1.0]]","[[0.5807204246520996, -0.8070729970932007, -0.10675562173128128, -0.20555701851844788], [0.37657350301742554, 0.3825606405735016, -0.8437057733535767, 0.8778100609779358], [0.7217727899551392, 0.4497557580471039, 0.52608323097229, -0.11666186153888702], [0.0, 0.0, 0.0, 1.0]]","[[0.6861644983291626, 0.7269603610038757, -0.02658308483660221, 0.1715751439332962], [-0.24222934246063232, 0.19387315213680267, -0.9506511092185974, 0.8650891184806824], [-0.6859322190284729, 0.6587421298027039, 0.30912014842033386, -0.14235568046569824], [0.0, 0.0, 0.0, 1.0]]"
"[[0.9996937513419861, 0.024364207216894546, 0.004332466116914002, 0.01383683020315724], [-0.024745566493475514, 0.982773781409743, 0.18314840218113593, 1.1737254308735194], [0.00020443151196784982, -0.1831995216937191, 0.9830757373593879, -0.04177551499941345], [0.0, 0.0, 0.0, 1.0]]","[[0.5690187811851501, -0.8150680661201477, -0.1090022474527359, -0.20452149212360382], [0.3759497404098511, 0.37573814392089844, -0.8470433354377747, 0.8783441185951233], [0.7313544154167175, 0.44100409746170044, 0.5202268362045288, -0.11967898905277252], [0.0, 0.0, 0.0, 1.0]]","[[0.6838632225990295, 0.7291131019592285, -0.026926260441541672, 0.1727052479982376], [-0.25053727626800537, 0.2000076174736023, -0.9472211003303528, 0.8652628064155579], [-0.6852459907531738, 0.6545156836509705, 0.31944793462753296, -0.14433564245700836], [0.0, 0.0, 0.0, 1.0]]"
"[[0.9996990561386251, 0.024147208374803403, 0.004328460239755922, 0.015432749159783798], [-0.02453119534545628, 0.9824755187798472, 0.18477031370388758, 1.1736198328037166], [0.0002090810557799346, -0.18482089260829201, 0.9827721719083631, -0.04548048534633696], [0.0, 0.0, 0.0, 1.0]]","[[0.5690187811851501, -0.8150680661201477, -0.1090022474527359, -0.20452149212360382], [0.3759497404098511, 0.37573814392089844, -0.8470433354377747, 0.8783441185951233], [0.7313544154167175, 0.44100409746170044, 0.5202268362045288, -0.11967898905277252], [0.0, 0.0, 0.0, 1.0]]","[[0.6838632225990295, 0.7291131019592285, -0.026926260441541672, 0.1727052479982376], [-0.25053727626800537, 0.2000076174736023, -0.9472211003303528, 0.8652628064155579], [-0.6852459907531738, 0.6545156836509705, 0.31944793462753296, -0.14433564245700836], [0.0, 0.0, 0.0, 1.0]]"
"[[0.9996990561386251, 0.024147208374803403, 0.004328460239755922, 0.015432749159783798], [-0.02453119534545628, 0.9824755187798472, 0.18477031370388758, 1.1736198328037166], [0.0002090810557799346, -0.18482089260829201, 0.9827721719083631, -0.04548048534633696], [0.0, 0.0, 0.0, 1.0]]","[[0.5697479248046875, -0.8143994212150574, -0.11018597334623337, -0.20414429903030396], [0.3726511299610138, 0.3755168914794922, -0.8485978245735168, 0.8782844543457031], [0.7324742674827576, 0.4424259662628174, 0.5174368023872375, -0.12196718901395798], [0.0, 0.0, 0.0, 1.0]]","[[0.6841849088668823, 0.7289942502975464, -0.021411364898085594, 0.17396284639835358], [-0.245626762509346, 0.20268669724464417, -0.9479376077651978, 0.8649532794952393], [-0.686701238155365, 0.6538238525390625, 0.3177356421947479, -0.1464691013097763], [0.0, 0.0, 0.0, 1.0]]"
"[[0.9997072219830927, 0.02383748434423103, 0.004154505525332182, 0.016652803120401627], [-0.02419468954266415, 0.9825024008804175, 0.18467170001941396, 1.1734964645977204], [0.000320297109976648, -0.1847181469015532, 0.9827914833993723, -0.0484595044094207], [0.0, 0.0, 0.0, 1.0]]","[[0.5697479248046875, -0.8143994212150574, -0.11018597334623337, -0.20414429903030396], [0.3726511299610138, 0.3755168914794922, -0.8485978245735168, 0.8782844543457031], [0.7324742674827576, 0.4424259662628174, 0.5174368023872375, -0.12196718901395798], [0.0, 0.0, 0.0, 1.0]]","[[0.6841849088668823, 0.7289942502975464, -0.021411364898085594, 0.17396284639835358], [-0.245626762509346, 0.20268669724464417, -0.9479376077651978, 0.8649532794952393], [-0.686701238155365, 0.6538238525390625, 0.3177356421947479, -0.1464691013097763], [0.0, 0.0, 0.0, 1.0]]"
"[[0.9997091293139201, 0.02377057552824901, 0.004081463705951535, 0.017242429892933266], [-0.024115444044366635, 0.9825060968150512, 0.1846624039755809, 1.173456693508783], [0.0003794686663599577, -0.18470711776151777, 0.9827935095289565, -0.04998617871672425], [0.0, 0.0, 0.0, 1.0]]","[[0.5697479248046875, -0.8143994212150574, -0.11018597334623337, -0.20414429903030396], [0.3726511299610138, 0.3755168914794922, -0.8485978245735168, 0.8782844543457031], [0.7324742674827576, 0.4424259662628174, 0.5174368023872375, -0.12196718901395798], [0.0, 0.0, 0.0, 1.0]]","[[0.6841849088668823, 0.7289942502975464, -0.021411364898085594, 0.17396284639835358], [-0.245626762509346, 0.20268669724464417, -0.9479376077651978, 0.8649532794952393], [-0.686701238155365, 0.6538238525390625, 0.3177356421947479, -0.1464691013097763], [0.0, 0.0, 0.0, 1.0]]"
"[[0.9997091293139201, 0.02377057552824901, 0.004081463705951535, 0.017242429892933266], [-0.024115444044366635, 0.9825060968150512, 0.1846624039755809, 1.173456693508783], [0.0003794686663599577, -0.18470711776151777, 0.9827935095289565, -0.04998617871672425], [0.0, 0.0, 0.0, 1.0]]","[[0.5684688687324524, -0.8146446943283081, -0.11487900465726852, -0.2033088058233261], [0.3707387447357178, 0.3783157169818878, -0.8481922149658203, 0.8789933323860168], [0.7344357967376709, 0.4395807683467865, 0.5170810222625732, -0.1251918524503708], [0.0, 0.0, 0.0, 1.0]]","[[0.6875194907188416, 0.7260584235191345, -0.01249247882515192, 0.17570671439170837], [-0.23965899646282196, 0.21063151955604553, -0.9477328658103943, 0.8650822043418884], [-0.6854782700538635, 0.654578685760498, 0.3188197910785675, -0.1497911810874939], [0.0, 0.0, 0.0, 1.0]]"
"[[0.9997122287742289, 0.023699458648946906, 0.0037117952280414936, 0.01987458363238151], [-0.023976899723026118, 0.9824159152694167, 0.18515952320286708, 1.1732235561200646], [0.0007416537529526047, -0.1851952335100467, 0.9827014796568234, -0.056358112659350666], [0.0, 0.0, 0.0, 1.0]]","[[0.5684688687324524, -0.8146446943283081, -0.11487900465726852, -0.2033088058233261], [0.3707387447357178, 0.3783157169818878, -0.8481922149658203, 0.8789933323860168], [0.7344357967376709, 0.4395807683467865, 0.5170810222625732, -0.1251918524503708], [0.0, 0.0, 0.0, 1.0]]","[[0.6875194907188416, 0.7260584235191345, -0.01249247882515192, 0.17570671439170837], [-0.23965899646282196, 0.21063151955604553, -0.9477328658103943, 0.8650822043418884], [-0.6854782700538635, 0.654578685760498, 0.3188197910785675, -0.1497911810874939], [0.0, 0.0, 0.0, 1.0]]"
"[[0.9997079372356246, 0.023909220267015134, 0.0035210845780702825, 0.02059991943574437], [-0.02414723319940029, 0.9823200702714219, 0.18564522266234115, 1.173199512080636], [0.0009798005012007956, -0.18567602336560537, 0.982610523700914, -0.058074389410038466], [0.0, 0.0, 0.0, 1.0]]","[[0.5714326500892639, -0.8112993240356445, -0.12352310866117477, -0.20229780673980713], [0.3609699010848999, 0.38366231322288513, -0.8500022292137146, 0.879917323589325], [0.7369974851608276, 0.4411308467388153, 0.512091875076294, -0.13030418753623962], [0.0, 0.0, 0.0, 1.0]]","[[0.6890674829483032, 0.7246957421302795, -0.0014135001692920923, 0.17837920784950256], [-0.23589298129081726, 0.22245071828365326, -0.9459757208824158, 0.8658421635627747], [-0.6852301955223083, 0.6521745324134827, 0.3242342174053192, -0.15429732203483582], [0.0, 0.0, 0.0, 1.0]]"
"[[0.9996969103782852, 0.024402780318029678, 0.0032525266712928507, 0.02145376256107498], [-0.024580864376060215, 0.982104958064575, 0.1867234012168782, 1.172608824895422], [0.0013622475514585522, -0.18674675616799438, 0.9824071516967938, -0.05958858140588613], [0.0, 0.0, 0.0, 1.0]]","[[0.5714326500892639, -0.8112993240356445, -0.12352310866117477, -0.20229780673980713], [0.3609699010848999, 0.38366231322288513, -0.8500022292137146, 0.879917323589325], [0.7369974851608276, 0.4411308467388153, 0.512091875076294, -0.13030418753623962], [0.0, 0.0, 0.0, 1.0]]","[[0.6890674829483032, 0.7246957421302795, -0.0014135001692920923, 0.17837920784950256], [-0.23589298129081726, 0.22245071828365326, -0.9459757208824158, 0.8658421635627747], [-0.6852301955223083, 0.6521745324134827, 0.3242342174053192, -0.15429732203483582], [0.0, 0.0, 0.0, 1.0]]"
"[[0.9996809363449638, 0.025105256900307092, 0.002781845114135416, 0.023073658419105556], [-0.02518042704451427, 0.9818371549723371, 0.18804704459807323, 1.172436120306839], [0.0019896504906353144, -0.18805708674290764, 0.9821560963447259, -0.062964172988921], [0.0, 0.0, 0.0, 1.0]]","[[0.5714326500892639, -0.8112993240356445, -0.12352310866117477, -0.20229780673980713], [0.3609699010848999, 0.38366231322288513, -0.8500022292137146, 0.879917323589325], [0.7369974851608276, 0.4411308467388153, 0.512091875076294, -0.13030418753623962], [0.0, 0.0, 0.0, 1.0]]","[[0.6890674829483032, 0.7246957421302795, -0.0014135001692920923, 0.17837920784950256], [-0.23589298129081726, 0.22245071828365326, -0.9459757208824158, 0.8658421635627747], [-0.6852301955223083, 0.6521745324134827, 0.3242342174053192, -0.15429732203483582], [0.0, 0.0, 0.0, 1.0]]"
"[[0.999665975571333, 0.02573160083074409, 0.002413294348984366, 0.02395003200427014], [-0.02572370878379506, 0.9816274643995021, 0.18906572515814432, 1.1724665497452265], [0.00249600766797305, -0.18906465118081445, 0.9819614886188571, -0.0647551225588757], [0.0, 0.0, 0.0, 1.0]]","[[0.5743522047996521, -0.8084779977798462, -0.12838536500930786, -0.20138894021511078], [0.35498446226119995, 0.38730257749557495, -0.8508716821670532, 0.8806281089782715], [0.73763507604599, 0.4431251883506775, 0.5094452500343323, -0.13475650548934937], [0.0, 0.0, 0.0, 1.0]]","[[0.6915254592895508, 0.7223325967788696, 0.005287027917802334, 0.1804199367761612], [-0.2358943372964859, 0.23273953795433044, -0.943496584892273, 0.8664276599884033], [-0.6827490329742432, 0.6512046456336975, 0.33133959770202637, -0.15731996297836304], [0.0, 0.0, 0.0, 1.0]]"
"[[0.9996528029365997, 0.026278342703363294, 0.0019192500959818773, 0.024862040195081016], [-0.026162244727829114, 0.9813137651796369, 0.19062733712677238, 1.1725336082352098], [0.0031259839644392656, -0.19061136183257824, 0.9816606043565651, -0.06655449090250512], [0.0, 0.0, 0.0, 1.0]]","[[0.5743522047996521, -0.8084779977798462, -0.12838536500930786, -0.20138894021511078], [0.35498446226119995, 0.38730257749557495, -0.8508716821670532, 0.8806281089782715], [0.73763507604599, 0.4431251883506775, 0.5094452500343323, -0.13475650548934937], [0.0, 0.0, 0.0, 1.0]]","[[0.6915254592895508, 0.7223325967788696, 0.005287027917802334, 0.1804199367761612], [-0.2358943372964859, 0.23273953795433044, -0.943496584892273, 0.8664276599884033], [-0.6827490329742432, 0.6512046456336975, 0.33133959770202637, -0.15731996297836304], [0.0, 0.0, 0.0, 1.0]]"
"[[0.9996425509315895, 0.026706061708553292, 0.0012568405586644818, 0.025789442153892766], [-0.026446907398478537, 0.980864345084013, 0.19288773347307037, 1.1727718057430299], [0.003918481780157957, -0.19285202513765512, 0.9812200079011375, -0.0683813137692528], [0.0, 0.0, 0.0, 1.0]]","[[0.5752279162406921, -0.8065143823623657, -0.13655486702919006, -0.1993657648563385], [0.3472709655761719, 0.3919285535812378, -0.8519358038902283, 0.8822836875915527], [0.7406184077262878, 0.4426356256008148, 0.5055273771286011, -0.14133842289447784], [0.0, 0.0, 0.0, 1.0]]","[[0.694426417350769, 0.7195096611976624, 0.008815438486635685, 0.18336036801338196], [-0.24611882865428925, 0.24901539087295532, -0.9367051720619202, 0.8674181699752808], [-0.6761636734008789, 0.6483031511306763, 0.3500078022480011, -0.16116611659526825], [0.0, 0.0, 0.0, 1.0]]"
"[[0.999631285658325, 0.027144116912999318, 0.0007086424846526338, 0.02672314411183582], [-0.026761779929480405, 0.980463564679567, 0.19487175483057398, 1.173114631689255], [0.004594823647322884, -0.19481886785676597, 0.9808284637578745, -0.07026893530302275], [0.0, 0.0, 0.0, 1.0]]","[[0.5752279162406921, -0.8065143823623657, -0.13655486702919006, -0.1993657648563385], [0.3472709655761719, 0.3919285535812378, -0.8519358038902283, 0.8822836875915527], [0.7406184077262878, 0.4426356256008148, 0.5055273771286011, -0.14133842289447784], [0.0, 0.0, 0.0, 1.0]]","[[0.694426417350769, 0.7195096611976624, 0.008815438486635685, 0.18336036801338196], [-0.24611882865428925, 0.24901539087295532, -0.9367051720619202, 0.8674181699752808], [-0.6761636734008789, 0.6483031511306763, 0.3500078022480011, -0.16116611659526825], [0.0, 0.0, 0.0, 1.0]]"
"[[0.9996185898515976, 0.027617099649346943, 0.0001011797005287513, 0.02768289749179279], [-0.027095031970106508, 0.979999662307587, 0.1971458387146644, 1.1736549990105414], [0.005345440470797487, -0.19707338096993643, 0.9803741565943025, -0.07215940877484248], [0.0, 0.0, 0.0, 1.0]]","[[0.5752279162406921, -0.8065143823623657, -0.13655486702919006, -0.1993657648563385], [0.3472709655761719, 0.3919285535812378, -0.8519358038902283, 0.8822836875915527], [0.7406184077262878, 0.4426356256008148, 0.5055273771286011, -0.14133842289447784], [0.0, 0.0, 0.0, 1.0]]","[[0.694426417350769, 0.7195096611976624, 0.008815438486635685, 0.18336036801338196], [-0.24611882865428925, 0.24901539087295532, -0.9367051720619202, 0.8674181699752808], [-0.6761636734008789, 0.6483031511306763, 0.3500078022480011, -0.16116611659526825], [0.0, 0.0, 0.0, 1.0]]"
"[[0.9995964169261258, 0.028396389523193778, -0.0008243474208014661, 0.028922159131278838], [-0.02766046013529548, 0.9794851557527894, 0.1996088552367621, 1.1744706237629023], [0.006475607000085469, -0.19950548530698511, 0.9798753245804007, -0.07407223244183726], [0.0, 0.0, 0.0, 1.0]]","[[0.5785039067268372, -0.8035518527030945, -0.14013369381427765, -0.19819612801074982], [0.34285327792167664, 0.39543285965919495, -0.8521057367324829, 0.8830317854881287], [0.7401247620582581, 0.44490110874176025, 0.5042600035667419, -0.1449832320213318], [0.0, 0.0, 0.0, 1.0]]","[[0.7002278566360474, 0.7138133645057678, 0.012299853377044201, 0.1849951297044754], [-0.24739061295986176, 0.25877144932746887, -0.9337210059165955, 0.8680117726325989], [-0.6696854829788208, 0.6507745385169983, 0.3577897846698761, -0.16320553421974182], [0.0, 0.0, 0.0, 1.0]]"
"[[0.9995539188518457, 0.029781070061729663, -0.0022390445561826337, 0.030959150206665568], [-0.028699302590681812, 0.9785747519554683, 0.20388193025851015, 1.176445729308384], [0.008262894083026042, -0.2037267278168225, 0.9789929398338647, -0.0779035038810125], [0.0, 0.0, 0.0, 1.0]]","[[0.5785039067268372, -0.8035518527030945, -0.14013369381427765, -0.19819612801074982], [0.34285327792167664, 0.39543285965919495, -0.8521057367324829, 0.8830317854881287], [0.7401247620582581, 0.44490110874176025, 0.5042600035667419, -0.1449832320213318], [0.0, 0.0, 0.0, 1.0]]","[[0.7002278566360474, 0.7138133645057678, 0.012299853377044201, 0.1849951297044754], [-0.24739061295986176, 0.25877144932746887, -0.9337210059165955, 0.8680117726325989], [-0.6696854829788208, 0.6507745385169983, 0.3577897846698761, -0.16320553421974182], [0.0, 0.0, 0.0, 1.0]]"
