Head Pose,Left Arm Pose,Right Arm Pose
"[[0.0, 0.0, 0.0, 0.0], [0.0, 0.0, 0.0, 0.0], [0.0, 0.0, 0.0, 0.0], [0.0, 0.0, 0.0, 0.0]]","[[0.0, 0.0, 0.0, 0.0], [0.0, 0.0, 0.0, 0.0], [0.0, 0.0, 0.0, 0.0], [0.0, 0.0, 0.0, 0.0]]","[[0.0, 0.0, 0.0, 0.0], [0.0, 0.0, 0.0, 0.0], [0.0, 0.0, 0.0, 0.0], [0.0, 0.0, 0.0, 0.0]]"
"[[0.847998304005088, 0.32982091628272336, -0.4148699068225112, -0.5000000000000001], [0.0, 0.7827749746443304, 0.6223048602337666, 0.7499999999999999], [0.5299989400031799, -0.5277134660523575, 0.663791850916018, 0.8000000000000002], [0.0, 0.0, 0.0, 1.0]]","[[0.0, 0.0, 0.0, 0.0], [0.0, 0.0, 0.0, 0.0], [0.0, 0.0, 0.0, 0.0], [0.0, 0.0, 0.0, 0.0]]","[[0.0, 0.0, 0.0, 0.0], [0.0, 0.0, 0.0, 0.0], [0.0, 0.0, 0.0, 0.0], [0.0, 0.0, 0.0, 0.0]]"
"[[1.0, 0.0, 0.0, 0.0], [0.0, 1.0, 0.0, 0.0], [0.0, 0.0, 1.0, 0.0], [0.0, 0.0, 0.0, 1.0]]","[[0.0, 0.0, 0.0, 0.0], [0.0, 0.0, 0.0, 0.0], [0.0, 0.0, 0.0, 0.0], [0.0, 0.0, 0.0, 0.0]]","[[0.0, 0.0, 0.0, 0.0], [0.0, 0.0, 0.0, 0.0], [0.0, 0.0, 0.0, 0.0], [0.0, 0.0, 0.0, 0.0]]"
"[[0.9999999403953598, -0.00026749064507114, -3.149060763629493e-05, -0.0010028360829432053], [0.0002667533821504357, 0.9997697472614258, -0.021456446694219904, -0.027909092997675522], [3.722275390660987e-05, 0.021456436989819215, 0.9997698068576798, -0.015334932275091837], [0.0, 0.0, 0.0, 1.0]]","[[0.0, 0.0, 0.0, 0.0], [0.0, 0.0, 0.0, 0.0], [0.0, 0.0, 0.0, 0.0], [0.0, 0.0, 0.0, 0.0]]","[[0.0, 0.0, 0.0, 0.0], [0.0, 0.0, 0.0, 0.0], [0.0, 0.0, 0.0, 0.0], [0.0, 0.0, 0.0, 0.0]]"
"[[0.9999254941945912, 0.010655478640897553, 0.005955357541657043, -0.0012406492360310648], [-0.010831984624759866, 0.9994779825125749, 0.030436595647132907, 1.587942419714705], [-0.005627932521187711, -0.03049883644422244, 0.9995189309199443, -0.011217357509517162], [0.0, 0.0, 0.0, 1.0]]","[[0.0, 0.0, 0.0, 0.0], [0.0, 0.0, 0.0, 0.0], [0.0, 0.0, 0.0, 0.0], [0.0, 0.0, 0.0, 0.0]]","[[0.0, 0.0, 0.0, 0.0], [0.0, 0.0, 0.0, 0.0], [0.0, 0.0, 0.0, 0.0], [0.0, 0.0, 0.0, 0.0]]"
"[[0.9998923540114284, 0.010985929393729577, 0.009723930756083734, -0.0007059621792967314], [-0.011192225045004474, 0.9997078776580208, 0.02142140924148399, 1.5897037822101179], [-0.009485755910643334, -0.02152793572135134, 0.9997232556123945, -0.011577362900769522], [0.0, 0.0, 0.0, 1.0]]","[[0.6004273891448975, -0.7694152593612671, -0.2179151475429535, -0.22341273725032806], [0.43128257989883423, 0.5410423874855042, -0.7219891548156738, 1.2903106212615967], [0.6734108328819275, 0.33951902389526367, 0.6566921472549438, -0.22795641422271729], [0.0, 0.0, 0.0, 1.0]]","[[0.09613775461912155, 0.9952308535575867, 0.016522834077477455, 0.14794890582561493], [-0.6560163497924805, 0.07583706080913544, -0.7509269118309021, 1.2707871198654175], [-0.7485986948013306, 0.0613531693816185, 0.660178542137146, -0.2466197907924652], [0.0, 0.0, 0.0, 1.0]]"
"[[0.9998860955196932, 0.011532064424749097, 0.009739075477888161, -0.0006119797316032617], [-0.011737405425016218, 0.9997043013587212, 0.02129707672959293, 1.5898041009315842], [-0.009490596439967585, -0.021408962073269238, 0.9997257590321351, -0.011653502826162742], [0.0, 0.0, 0.0, 1.0]]","[[0.6019638180732727, -0.7677981853485107, -0.21937495470046997, -0.2241487205028534], [0.43020206689834595, 0.5432754158973694, -0.7209562063217163, 1.2905163764953613], [0.6727299690246582, 0.3396139144897461, 0.6573405861854553, -0.22791534662246704], [0.0, 0.0, 0.0, 1.0]]","[[0.11174320429563522, 0.993577778339386, 0.0177806094288826, 0.14808113873004913], [-0.6543448567390442, 0.08703391999006271, -0.7511706352233887, 1.2712907791137695], [-0.7478941679000854, 0.07230336219072342, 0.6598684191703796, -0.24629391729831696], [0.0, 0.0, 0.0, 1.0]]"
"[[0.999856591224945, 0.01574193880099609, 0.006240076228582178, 0.00023327059735274284], [-0.01586349673431562, 0.9996754526978128, 0.019934620199646893, 1.590135573543395], [-0.005924241308516944, -0.020030752332959253, 0.9997817874065968, -0.01250337710628566], [0.0, 0.0, 0.0, 1.0]]","[[0.6062911748886108, -0.7653149962425232, -0.21611066162586212, -0.22454528510570526], [0.43043845891952515, 0.544320285320282, -0.720026433467865, 1.2912161350250244], [0.6686805486679077, 0.3435232937335968, 0.6594376564025879, -0.2279006391763687], [0.0, 0.0, 0.0, 1.0]]","[[0.12308011949062347, 0.9921120405197144, 0.023767014965415, 0.1487007439136505], [-0.6470463871955872, 0.09838428348302841, -0.7560763359069824, 1.2715269327163696], [-0.7524508237838745, 0.0776795819401741, 0.6540517210960388, -0.24697209894657135], [0.0, 0.0, 0.0, 1.0]]"
"[[0.9998552799330852, 0.016014844832839256, 0.005738058603532232, 0.000294208118659917], [-0.016126894669709915, 0.9996690153936952, 0.02004457620812241, 1.590121636608065], [-0.005415148557000243, -0.02013421261774715, 0.9997826218638237, -0.012598163257954712], [0.0, 0.0, 0.0, 1.0]]","[[0.6073283553123474, -0.7652921676635742, -0.21326059103012085, -0.22444014251232147], [0.43261581659317017, 0.5437273979187012, -0.7191689610481262, 1.2926193475723267], [0.6663300395011902, 0.3445117771625519, 0.6612986326217651, -0.22868585586547852], [0.0, 0.0, 0.0, 1.0]]","[[0.15651771426200867, 0.9875297546386719, 0.016950147226452827, 0.14949975907802582], [-0.6417626738548279, 0.11473076045513153, -0.7582727670669556, 1.2710986137390137], [-0.7507615685462952, 0.10780518501996994, 0.6517170667648315, -0.24780553579330444], [0.0, 0.0, 0.0, 1.0]]"
"[[0.9998773932460603, 0.015267566794371756, 0.0034769678363155117, 0.0004299150947156146], [-0.015330245701753958, 0.9997061491095472, 0.018776478699500887, 1.5902720452920824], [-0.0031892750071783097, -0.018827478879038975, 0.9998176693829943, -0.013366992664289073], [0.0, 0.0, 0.0, 1.0]]","[[0.6091364026069641, -0.7621550559997559, -0.219254270195961, -0.22443439066410065], [0.4214949309825897, 0.5453087091445923, -0.724555253982544, 1.29403555393219], [0.6717847585678101, 0.34893834590911865, 0.6534119248390198, -0.22974582016468048], [0.0, 0.0, 0.0, 1.0]]","[[0.17689549922943115, 0.9840799570083618, 0.017159271985292435, 0.15040376782417297], [-0.640177309513092, 0.12828394770622253, -0.757440447807312, 1.2713366746902466], [-0.7475833296775818, 0.12300275266170502, 0.6526786684989929, -0.24811019003391266], [0.0, 0.0, 0.0, 1.0]]"
"[[0.9998773932460603, 0.015267566794371756, 0.0034769678363155117, 0.0004299150947156146], [-0.015330245701753958, 0.9997061491095472, 0.018776478699500887, 1.5902720452920824], [-0.0031892750071783097, -0.018827478879038975, 0.9998176693829943, -0.013366992664289073], [0.0, 0.0, 0.0, 1.0]]","[[0.6062284708023071, -0.7636295557022095, -0.2221640795469284, -0.22432386875152588], [0.4194242060184479, 0.5443305373191833, -0.7264898419380188, 1.2951618432998657], [0.6756998300552368, 0.347237765789032, 0.6502734422683716, -0.23031288385391235], [0.0, 0.0, 0.0, 1.0]]","[[0.1710527539253235, 0.9850872159004211, 0.018543003126978874, 0.15093548595905304], [-0.6424636840820312, 0.125788152217865, -0.7559215426445007, 1.2715038061141968], [-0.7469812631607056, 0.11738912761211395, 0.6543993949890137, -0.24814026057720184], [0.0, 0.0, 0.0, 1.0]]"
"[[0.9998851418476153, 0.014183158868345307, 0.005343206183842729, 0.00018778290382532169], [-0.01428031374385686, 0.9997249245553915, 0.018606162991748318, 1.590396068560427], [-0.0050778422003170745, -0.018680329072846925, 0.9998126030076561, -0.01362331555143893], [0.0, 0.0, 0.0, 1.0]]","[[0.6068453192710876, -0.76273113489151, -0.22356197237968445, -0.2240990400314331], [0.4171537756919861, 0.5450589060783386, -0.7272506356239319, 1.2962082624435425], [0.6765511631965637, 0.34806889295578003, 0.6489426493644714, -0.23077695071697235], [0.0, 0.0, 0.0, 1.0]]","[[0.1713561862707138, 0.9850680232048035, 0.016673263162374496, 0.15124563872814178], [-0.6389492154121399, 0.12399759143590927, -0.7591894268989563, 1.271345853805542], [-0.749920666217804, 0.11943843960762024, 0.6506561636924744, -0.24870993196964264], [0.0, 0.0, 0.0, 1.0]]"
"[[0.9998607635470338, 0.01578214557515467, 0.005423944547615021, 0.0001598741471780278], [-0.015878968148957843, 0.9997065067359587, 0.018297281309147245, 1.590516219949358], [-0.005133582174935373, -0.01838085967383825, 0.9998179078061161, -0.013494979141379992], [0.0, 0.0, 0.0, 1.0]]","[[0.6086043119430542, -0.760001540184021, -0.2280314713716507, -0.22399157285690308], [0.40520989894866943, 0.5447745323181152, -0.7341835498809814, 1.2971786260604858], [0.6822064518928528, 0.35442665219306946, 0.6395123600959778, -0.23158930242061615], [0.0, 0.0, 0.0, 1.0]]","[[0.1637907326221466, 0.9863817691802979, 0.014952312223613262, 0.1514080911874771], [-0.6338469386100769, 0.11684171110391617, -0.7645822763442993, 1.27126145362854], [-0.7559170722961426, 0.11575399339199066, 0.6443526744842529, -0.2495824545621872], [0.0, 0.0, 0.0, 1.0]]"
"[[0.9998247623371237, 0.01863554267161275, 0.0017938138267412182, 0.000345424236718221], [-0.018664766494699496, 0.9996646046813553, 0.017951252506281285, 1.5904699585829098], [-0.0014586809042454359, -0.017981586410497307, 0.9998372793094847, -0.012610205893255136], [0.0, 0.0, 0.0, 1.0]]","[[0.6151905655860901, -0.7557628154754639, -0.22441710531711578, -0.22337692975997925], [0.40134698152542114, 0.5452338457107544, -0.7359623312950134, 1.2995680570602417], [0.6785728335380554, 0.3626879155635834, 0.638745903968811, -0.23310768604278564], [0.0, 0.0, 0.0, 1.0]]","[[0.2072167843580246, 0.9782281517982483, 0.01142930332571268, 0.15283291041851044], [-0.618571937084198, 0.14006450772285461, -0.7731431722640991, 1.2724056243896484], [-0.7579113841056824, 0.15313827991485596, 0.6341284513473511, -0.25123924016952515], [0.0, 0.0, 0.0, 1.0]]"
"[[0.9998041987482574, 0.019770490324549427, -0.0007992907572872542, 0.0004248114629659142], [-0.01975401645297553, 0.9996597766827989, 0.017032809642757975, 1.5903907030754798], [0.0011357657698579547, -0.017013685690555967, 0.9998546242698767, -0.012016549396733966], [0.0, 0.0, 0.0, 1.0]]","[[0.6119343638420105, -0.7562235593795776, -0.23165066540241241, -0.22342407703399658], [0.39143794775009155, 0.5440828204154968, -0.7421252727508545, 1.3003897666931152], [0.6872498989105225, 0.36345499753952026, 0.6289577484130859, -0.23357988893985748], [0.0, 0.0, 0.0, 1.0]]","[[0.20365622639656067, 0.9789614081382751, 0.012593692168593407, 0.15368488430976868], [-0.6169793605804443, 0.13831843435764313, -0.774728536605835, 1.2728807926177979], [-0.7601713538169861, 0.1500081866979599, 0.6321684718132019, -0.25187429785728455], [0.0, 0.0, 0.0, 1.0]]"
"[[0.9997401237518958, 0.022041676712286594, -0.005819810538576022, 0.0003489150542642589], [-0.02196138710056531, 0.9996674060821464, 0.013517225401547482, 1.590201895846615], [0.006115817480697259, -0.013385900987240747, 0.9998916983572859, -0.010595558879694829], [0.0, 0.0, 0.0, 1.0]]","[[0.6107452511787415, -0.7563292384147644, -0.2344275861978531, -0.2249281108379364], [0.3780082166194916, 0.5386362075805664, -0.7529812455177307, 1.3016493320465088], [0.6957729458808899, 0.37126418948173523, 0.6148682236671448, -0.23801088333129883], [0.0, 0.0, 0.0, 1.0]]","[[0.19570152461528778, 0.9804202318191528, 0.021846214309334755, 0.1574074923992157], [-0.6245164275169373, 0.14177335798740387, -0.7680362462997437, 1.2746449708938599], [-0.7560954093933105, 0.1366625875234604, 0.6400336623191833, -0.2531970143318176], [0.0, 0.0, 0.0, 1.0]]"
"[[0.9997032284889489, 0.02309739096882809, -0.007741577469980467, 0.00014302272120323266], [-0.023008582453699248, 0.9996706247176268, 0.011370714745058436, 1.590226328268505], [0.008001660915786277, -0.011189217688010315, 0.9999054074287461, -0.009817297979268658], [0.0, 0.0, 0.0, 1.0]]","[[0.6107452511787415, -0.7563292384147644, -0.2344275861978531, -0.2249281108379364], [0.3780082166194916, 0.5386362075805664, -0.7529812455177307, 1.3016493320465088], [0.6957729458808899, 0.37126418948173523, 0.6148682236671448, -0.23801088333129883], [0.0, 0.0, 0.0, 1.0]]","[[0.19570152461528778, 0.9804202318191528, 0.021846214309334755, 0.1574074923992157], [-0.6245164275169373, 0.14177335798740387, -0.7680362462997437, 1.2746449708938599], [-0.7560954093933105, 0.1366625875234604, 0.6400336623191833, -0.2531970143318176], [0.0, 0.0, 0.0, 1.0]]"
"[[0.9997032284889489, 0.02309739096882809, -0.007741577469980467, 0.00014302272120323266], [-0.023008582453699248, 0.9996706247176268, 0.011370714745058436, 1.590226328268505], [0.008001660915786277, -0.011189217688010315, 0.9999054074287461, -0.009817297979268658], [0.0, 0.0, 0.0, 1.0]]","[[0.6178054213523865, -0.752230703830719, -0.22905321419239044, -0.22476927936077118], [0.37833884358406067, 0.5397229790687561, -0.7520363926887512, 1.3024872541427612], [0.6893301606178284, 0.3779523968696594, 0.6180419325828552, -0.23793408274650574], [0.0, 0.0, 0.0, 1.0]]","[[0.21317435801029205, 0.9764995574951172, 0.03170520067214966, 0.15906831622123718], [-0.6058899164199829, 0.15758678317070007, -0.7797844409942627, 1.2749813795089722], [-0.7664555311203003, 0.147020161151886, 0.6252447366714478, -0.25453877449035645], [0.0, 0.0, 0.0, 1.0]]"
"[[0.9996917247593808, 0.023441425569441666, -0.008184086871935402, 5.6340549886232976e-05], [-0.02335512913009845, 0.9996722340820002, 0.01048546125680242, 1.5902678639127081], [0.008427198635743574, -0.01029108809739317, 0.9999115467014816, -0.009568496183381327], [0.0, 0.0, 0.0, 1.0]]","[[0.6178054213523865, -0.752230703830719, -0.22905321419239044, -0.22476927936077118], [0.37833884358406067, 0.5397229790687561, -0.7520363926887512, 1.3024872541427612], [0.6893301606178284, 0.3779523968696594, 0.6180419325828552, -0.23793408274650574], [0.0, 0.0, 0.0, 1.0]]","[[0.21317435801029205, 0.9764995574951172, 0.03170520067214966, 0.15906831622123718], [-0.6058899164199829, 0.15758678317070007, -0.7797844409942627, 1.2749813795089722], [-0.7664555311203003, 0.147020161151886, 0.6252447366714478, -0.25453877449035645], [0.0, 0.0, 0.0, 1.0]]"
"[[0.9996272325527, 0.025293715266587833, -0.010279654711264737, -0.0007245097227764844], [-0.025269933076498406, 0.9996777176864822, 0.002436880247522729, 1.5909462442681794], [0.010337979346733925, -0.0021762056352155035, 0.9999442100505962, -0.007836607104224125], [0.0, 0.0, 0.0, 1.0]]","[[0.6129911541938782, -0.7492299675941467, -0.2507913112640381, -0.22640521824359894], [0.3461057245731354, 0.5399839282035828, -0.7672210931777954, 1.3052009344100952], [0.7102482914924622, 0.3834994435310364, 0.5903181433677673, -0.2404640018939972], [0.0, 0.0, 0.0, 1.0]]","[[0.2686285674571991, 0.9614300727844238, 0.05908278748393059, 0.16416031122207642], [-0.5879514813423157, 0.2122441679239273, -0.780554473400116, 1.2801671028137207], [-0.7629886269569397, 0.17494136095046997, 0.6222891807556152, -0.25568902492523193], [0.0, 0.0, 0.0, 1.0]]"
"[[0.9996286034458655, 0.025222302880350118, -0.010320659649724073, -0.001007309266376072], [-0.02521778875940704, 0.9996818304179371, 0.0005673152783038933, 1.5910861765628952], [0.010331684800630498, -0.0003068403592714201, 0.9999465942390688, -0.007301400351576618], [0.0, 0.0, 0.0, 1.0]]","[[0.6129911541938782, -0.7492299675941467, -0.2507913112640381, -0.22640521824359894], [0.3461057245731354, 0.5399839282035828, -0.7672210931777954, 1.3052009344100952], [0.7102482914924622, 0.3834994435310364, 0.5903181433677673, -0.2404640018939972], [0.0, 0.0, 0.0, 1.0]]","[[0.2686285674571991, 0.9614300727844238, 0.05908278748393059, 0.16416031122207642], [-0.5879514813423157, 0.2122441679239273, -0.780554473400116, 1.2801671028137207], [-0.7629886269569397, 0.17494136095046997, 0.6222891807556152, -0.25568902492523193], [0.0, 0.0, 0.0, 1.0]]"
"[[0.9996286034458655, 0.025222302880350118, -0.010320659649724073, -0.001007309266376072], [-0.02521778875940704, 0.9996818304179371, 0.0005673152783038933, 1.5910861765628952], [0.010331684800630498, -0.0003068403592714201, 0.9999465942390688, -0.007301400351576618], [0.0, 0.0, 0.0, 1.0]]","[[0.6164504885673523, -0.7465186715126038, -0.2503966689109802, -0.22680041193962097], [0.3436424136161804, 0.5411945581436157, -0.7674751877784729, 1.3072048425674438], [0.7084479928016663, 0.38706347346305847, 0.5901552438735962, -0.24063847959041595], [0.0, 0.0, 0.0, 1.0]]","[[0.28208473324775696, 0.9570561647415161, 0.06686879694461823, 0.1669016033411026], [-0.5767319202423096, 0.22486098110675812, -0.7853773236274719, 1.2822480201721191], [-0.7666864991188049, 0.18297745287418365, 0.6153949499130249, -0.2572591006755829], [0.0, 0.0, 0.0, 1.0]]"
"[[0.9996399283400258, 0.024836355716114297, -0.01015891989740166, -0.0012920454912973413], [-0.02484784285711741, 0.9996907115008896, -0.0010059664816998617, 1.5911629611711324], [0.01013079361942974, 0.0012580314325697063, 0.9999479055387257, -0.006719087099350235], [0.0, 0.0, 0.0, 1.0]]","[[0.6164504885673523, -0.7465186715126038, -0.2503966689109802, -0.22680041193962097], [0.3436424136161804, 0.5411945581436157, -0.7674751877784729, 1.3072048425674438], [0.7084479928016663, 0.38706347346305847, 0.5901552438735962, -0.24063847959041595], [0.0, 0.0, 0.0, 1.0]]","[[0.28208473324775696, 0.9570561647415161, 0.06686879694461823, 0.1669016033411026], [-0.5767319202423096, 0.22486098110675812, -0.7853773236274719, 1.2822480201721191], [-0.7666864991188049, 0.18297745287418365, 0.6153949499130249, -0.2572591006755829], [0.0, 0.0, 0.0, 1.0]]"
"[[0.9997137784858795, 0.022402347507802317, -0.008397525304803465, -0.002141824790306219], [-0.02243735876408454, 0.9997398257369906, -0.004098363331942462, 1.5911976149053126], [0.008303527591874983, 0.004285608307035071, 0.9999563693984902, -0.004819416053267779], [0.0, 0.0, 0.0, 1.0]]","[[0.6220049262046814, -0.7409601807594299, -0.25315549969673157, -0.22766193747520447], [0.34587815403938293, 0.550057053565979, -0.7601350545883179, 1.312517762184143], [0.702479898929596, 0.3852466940879822, 0.598420262336731, -0.24097928404808044], [0.0, 0.0, 0.0, 1.0]]","[[0.2921961545944214, 0.952725887298584, 0.08327591419219971, 0.17203688621520996], [-0.5768737196922302, 0.24503380060195923, -0.7792145609855652, 1.2881355285644531], [-0.7627832293510437, 0.17964383959770203, 0.6212003827095032, -0.26135116815567017], [0.0, 0.0, 0.0, 1.0]]"
"[[0.9997358918261342, 0.02177123381340131, -0.00736107829698459, -0.0023856060794861843], [-0.021807923628453144, 0.9997499585099332, -0.004941247126578493, 1.5912033638256304], [0.007251660677407824, 0.005100471710295284, 0.9999607205372202, -0.004156409491905291], [0.0, 0.0, 0.0, 1.0]]","[[0.6220049262046814, -0.7409601807594299, -0.25315549969673157, -0.22766193747520447], [0.34587815403938293, 0.550057053565979, -0.7601350545883179, 1.312517762184143], [0.702479898929596, 0.3852466940879822, 0.598420262336731, -0.24097928404808044], [0.0, 0.0, 0.0, 1.0]]","[[0.2921961545944214, 0.952725887298584, 0.08327591419219971, 0.17203688621520996], [-0.5768737196922302, 0.24503380060195923, -0.7792145609855652, 1.2881355285644531], [-0.7627832293510437, 0.17964383959770203, 0.6212003827095032, -0.26135116815567017], [0.0, 0.0, 0.0, 1.0]]"
"[[0.9997475147328829, 0.021410981497119806, -0.006816001852422904, -0.0025048264173571436], [-0.0214485467166196, 0.9997549056944216, -0.005486831578539649, 1.591212089089274], [0.006696852611929232, 0.0056316395782661, 0.9999617338161538, -0.0038285604748311414], [0.0, 0.0, 0.0, 1.0]]","[[0.6220049262046814, -0.7409601807594299, -0.25315549969673157, -0.22766193747520447], [0.34587815403938293, 0.550057053565979, -0.7601350545883179, 1.312517762184143], [0.702479898929596, 0.3852466940879822, 0.598420262336731, -0.24097928404808044], [0.0, 0.0, 0.0, 1.0]]","[[0.2921961545944214, 0.952725887298584, 0.08327591419219971, 0.17203688621520996], [-0.5768737196922302, 0.24503380060195923, -0.7792145609855652, 1.2881355285644531], [-0.7627832293510437, 0.17964383959770203, 0.6212003827095032, -0.26135116815567017], [0.0, 0.0, 0.0, 1.0]]"
"[[0.9997475147328829, 0.021410981497119806, -0.006816001852422904, -0.0025048264173571436], [-0.0214485467166196, 0.9997549056944216, -0.005486831578539649, 1.591212089089274], [0.006696852611929232, 0.0056316395782661, 0.9999617338161538, -0.0038285604748311414], [0.0, 0.0, 0.0, 1.0]]","[[0.6207347512245178, -0.7370428442955017, -0.2673130929470062, -0.2288886308670044], [0.33661672472953796, 0.558468222618103, -0.7581573128700256, 1.3153576850891113], [0.7080802321434021, 0.380632609128952, 0.5947615504264832, -0.24290280044078827], [0.0, 0.0, 0.0, 1.0]]","[[0.3032427132129669, 0.9475970268249512, 0.10051693022251129, 0.1743013858795166], [-0.5708022713661194, 0.2650967538356781, -0.7771154642105103, 1.2930330038070679], [-0.7630390524864197, 0.17827928066253662, 0.621279239654541, -0.26358792185783386], [0.0, 0.0, 0.0, 1.0]]"
"[[0.9997634291457043, 0.021718683699624257, -0.0011739134003482202, -0.0033276291361781785], [-0.02172874188934117, 0.9997199774000731, -0.009369228249919016, 1.5914755831996923], [0.0009700973953977782, 0.009392519266772674, 0.9999554157236518, -0.0013469254349723937], [0.0, 0.0, 0.0, 1.0]]","[[0.6287400722503662, -0.7325753569602966, -0.2608048617839813, -0.22988280653953552], [0.3491237461566925, 0.5656211376190186, -0.7471178770065308, 1.31773042678833], [0.6948369741439819, 0.378689706325531, 0.6113882064819336, -0.24437259137630463], [0.0, 0.0, 0.0, 1.0]]","[[0.3310123383998871, 0.9364228248596191, 0.1163732036948204, 0.17574620246887207], [-0.5506313443183899, 0.2918320894241333, -0.7820733785629272, 1.2971233129501343], [-0.7663130164146423, 0.19479705393314362, 0.6122240424156189, -0.26671743392944336], [0.0, 0.0, 0.0, 1.0]]"
"[[0.9997594356492543, 0.021925752780498034, -0.0005930611484434059, -0.003426300588761336], [-0.021930530869304177, 0.9997110366872886, -0.009842799119143328, 1.591550264234301], [0.0003770790092897066, 0.009853437468917519, 0.9999513626091366, -0.0010554180551969224], [0.0, 0.0, 0.0, 1.0]]","[[0.6283506751060486, -0.7330482006072998, -0.26041463017463684, -0.23078569769859314], [0.3573896884918213, 0.5693523287773132, -0.7403448820114136, 1.3215652704238892], [0.6909761428833008, 0.3721266984939575, 0.6197367906570435, -0.2470790445804596], [0.0, 0.0, 0.0, 1.0]]","[[0.34707313776016235, 0.926226019859314, 0.1471240520477295, 0.1773909032344818], [-0.5462144613265991, 0.32716163992881775, -0.7711127996444702, 1.3033527135849], [-0.7623581290245056, 0.18727120757102966, 0.6194671392440796, -0.2703217566013336], [0.0, 0.0, 0.0, 1.0]]"
"[[0.9997446537111593, 0.02258915681903797, 0.0005574904566459664, -0.0036209607277303984], [-0.0225819047116713, 0.9996877908591834, -0.010697164375480716, 1.591687783244424], [-0.0007989563096485725, 0.010681844513717596, 0.9999426007291881, -0.0005262626782835608], [0.0, 0.0, 0.0, 1.0]]","[[0.6285973787307739, -0.7365114688873291, -0.24983195960521698, -0.23086339235305786], [0.35984882712364197, 0.5602099895477295, -0.7461054921150208, 1.3247575759887695], [0.6894737482070923, 0.379098117351532, 0.6171793937683105, -0.25136736035346985], [0.0, 0.0, 0.0, 1.0]]","[[0.3759416341781616, 0.908932626247406, 0.1803031712770462, 0.1782831996679306], [-0.5384299159049988, 0.3726266026496887, -0.7558058500289917, 1.3106848001480103], [-0.7541624307632446, 0.1870581954717636, 0.6294824481010437, -0.27299827337265015], [0.0, 0.0, 0.0, 1.0]]"
"[[0.9997069835866528, 0.024059955867185994, 0.002647397664182292, -0.004182930682081437], [-0.024023446349248533, 0.9996262192467534, -0.013051699406120477, 1.5919863608341978], [-0.0029604312993656537, 0.012984276258733586, 0.99991130829409, 0.0007493753451690739], [0.0, 0.0, 0.0, 1.0]]","[[0.6351763010025024, -0.7320958375930786, -0.24614378809928894, -0.23093581199645996], [0.3551238775253296, 0.5598220229148865, -0.7486563324928284, 1.3271687030792236], [0.6858848929405212, 0.3881172239780426, 0.6155703663825989, -0.2546718418598175], [0.0, 0.0, 0.0, 1.0]]","[[0.3796842396259308, 0.9032359719276428, 0.20001134276390076, 0.17767122387886047], [-0.5260472893714905, 0.38863903284072876, -0.7564613819122314, 1.3158328533172607], [-0.7609953880310059, 0.1820010095834732, 0.6227050423622131, -0.27490025758743286], [0.0, 0.0, 0.0, 1.0]]"
"[[0.9997074008045029, 0.02401368529243415, 0.0028980225922243807, -0.004269070828512852], [-0.023972710364628388, 0.9996224045702482, -0.013429963061599336, 1.592018421917218], [-0.003219431206427316, 0.013356560809524456, 0.999905586242077, 0.0009093991084930184], [0.0, 0.0, 0.0, 1.0]]","[[0.6351763010025024, -0.7320958375930786, -0.24614378809928894, -0.23093581199645996], [0.3551238775253296, 0.5598220229148865, -0.7486563324928284, 1.3271687030792236], [0.6858848929405212, 0.3881172239780426, 0.6155703663825989, -0.2546718418598175], [0.0, 0.0, 0.0, 1.0]]","[[0.3796842396259308, 0.9032359719276428, 0.20001134276390076, 0.17767122387886047], [-0.5260472893714905, 0.38863903284072876, -0.7564613819122314, 1.3158328533172607], [-0.7609953880310059, 0.1820010095834732, 0.6227050423622131, -0.27490025758743286], [0.0, 0.0, 0.0, 1.0]]"
"[[0.9997122883771092, 0.02376537015182637, 0.003252870337206482, -0.004462525018683559], [-0.023718105727008377, 0.9996224641822883, -0.01386992074315787, 1.5920452636423583], [-0.0035812662177648587, 0.013788778337190142, 0.9998984932901946, 0.001218575616535919], [0.0, 0.0, 0.0, 1.0]]","[[0.6454222202301025, -0.7210337519645691, -0.25207221508026123, -0.23177853226661682], [0.342109739780426, 0.5679433941841125, -0.7485994100570679, 1.3293249607086182], [0.6829282641410828, 0.39692628383636475, 0.6132360100746155, -0.26028507947921753], [0.0, 0.0, 0.0, 1.0]]","[[0.3590267598628998, 0.9061331748962402, 0.22365699708461761, 0.17643146216869354], [-0.5188847184181213, 0.3929730951786041, -0.7591645121574402, 1.3215229511260986], [-0.7757953405380249, 0.1565081924200058, 0.6112664937973022, -0.27791085839271545], [0.0, 0.0, 0.0, 1.0]]"
"[[0.9997166991138479, 0.02352578714761927, 0.0036210406275358274, -0.004562112938466878], [-0.023474153501055684, 0.9996306300266178, -0.013696315814958039, 1.5920392484662234], [-0.0039419198704991375, 0.013607434811784799, 0.9998996257773823, 0.0013622100549578568], [0.0, 0.0, 0.0, 1.0]]","[[0.6471969485282898, -0.7161976099014282, -0.26114562153816223, -0.2319757640361786], [0.3343369662761688, 0.5745327472686768, -0.7470815777778625, 1.331272840499878], [0.6850947737693787, 0.39619821310043335, 0.6112871766090393, -0.2639687657356262], [0.0, 0.0, 0.0, 1.0]]","[[0.3446142375469208, 0.906087338924408, 0.24545177817344666, 0.17569002509117126], [-0.5175215601921082, 0.4015200138092041, -0.7556142807006836, 1.3250682353973389], [-0.7832064032554626, 0.13336879014968872, 0.6072893738746643, -0.2802908420562744], [0.0, 0.0, 0.0, 1.0]]"
"[[0.9997386932358704, 0.02231707049931488, 0.004948912907049089, -0.005085008778085156], [-0.02225776576970616, 0.9996834397313168, -0.011731055512847224, 1.5918857835469766], [-0.005209149074152081, 0.011617838457403858, 0.9999189376847719, 0.0019784991900396766], [0.0, 0.0, 0.0, 1.0]]","[[0.6495279669761658, -0.7087607383728027, -0.2752663791179657, -0.23173993825912476], [0.3382607102394104, 0.5935935974121094, -0.7302234768867493, 1.3347289562225342], [0.6809501051902771, 0.3811887502670288, 0.6253015995025635, -0.26729923486709595], [0.0, 0.0, 0.0, 1.0]]","[[0.340155690908432, 0.8955504894256592, 0.2868508994579315, 0.1745547354221344], [-0.5050153136253357, 0.43128982186317444, -0.7476286292076111, 1.3294202089309692], [-0.7932550311088562, 0.10944600403308868, 0.5989724397659302, -0.28367140889167786], [0.0, 0.0, 0.0, 1.0]]"
"[[0.9997573494991927, 0.021094223846320967, 0.006346104271044876, -0.005503605223444367], [-0.021033651764865064, 0.9997339844623073, -0.009464663408010823, 1.5916028434560412], [-0.0065440655916129105, 0.00932888504931368, 0.9999350905418243, 0.002344165181608425], [0.0, 0.0, 0.0, 1.0]]","[[0.6530987024307251, -0.6991033554077148, -0.2910611033439636, -0.2314663827419281], [0.340317964553833, 0.6143126487731934, -0.7119013667106628, 1.3372337818145752], [0.6764951944351196, 0.3658885061740875, 0.6391242742538452, -0.2702656388282776], [0.0, 0.0, 0.0, 1.0]]","[[0.36314642429351807, 0.876587450504303, 0.31578269600868225, 0.17400576174259186], [-0.4783048629760742, 0.4662422835826874, -0.7442058324813843, 1.3323566913604736], [-0.7995928525924683, 0.11921511590480804, 0.5885905027389526, -0.2854962944984436], [0.0, 0.0, 0.0, 1.0]]"
"[[0.9997670650549966, 0.0204538407998426, 0.006884621533171742, -0.005637478929424887], [-0.0203948837442057, 0.9997556209530143, -0.008527505551044702, 1.5915126675539755], [-0.007057359365208539, 0.008385108444328538, 0.9999399185146415, 0.0024664110970184713], [0.0, 0.0, 0.0, 1.0]]","[[0.6530987024307251, -0.6991033554077148, -0.2910611033439636, -0.2314663827419281], [0.340317964553833, 0.6143126487731934, -0.7119013667106628, 1.3372337818145752], [0.6764951944351196, 0.3658885061740875, 0.6391242742538452, -0.2702656388282776], [0.0, 0.0, 0.0, 1.0]]","[[0.36314642429351807, 0.876587450504303, 0.31578269600868225, 0.17400576174259186], [-0.4783048629760742, 0.4662422835826874, -0.7442058324813843, 1.3323566913604736], [-0.7995928525924683, 0.11921511590480804, 0.5885905027389526, -0.2854962944984436], [0.0, 0.0, 0.0, 1.0]]"
"[[0.9997670650549966, 0.0204538407998426, 0.006884621533171742, -0.005637478929424887], [-0.0203948837442057, 0.9997556209530143, -0.008527505551044702, 1.5915126675539755], [-0.007057359365208539, 0.008385108444328538, 0.9999399185146415, 0.0024664110970184713], [0.0, 0.0, 0.0, 1.0]]","[[0.647678017616272, -0.6976233720779419, -0.30632466077804565, -0.2316245138645172], [0.3388082683086395, 0.6238157153129578, -0.7043173909187317, 1.3383824825286865], [0.6824383735656738, 0.35238558053970337, 0.6403923034667969, -0.2728051245212555], [0.0, 0.0, 0.0, 1.0]]","[[0.392617404460907, 0.8604093194007874, 0.32488036155700684, 0.17335961759090424], [-0.46462491154670715, 0.4904128611087799, -0.7373051047325134, 1.3343268632888794], [-0.7937097549438477, 0.13853128254413605, 0.5923122763633728, -0.2863033413887024], [0.0, 0.0, 0.0, 1.0]]"
"[[0.9997878074533113, 0.01685889371273355, 0.011838844970298846, -0.006747843149144375], [-0.01684072680237459, 0.9998568296545072, -0.0016326026813691266, 1.5907029182218309], [-0.011864674284624021, 0.0014328814288968447, 0.9999285936355952, 0.0031642414010207565], [0.0, 0.0, 0.0, 1.0]]","[[0.6273956894874573, -0.7012462615966797, -0.3385680615901947, -0.2312018871307373], [0.33104777336120605, 0.6337328553199768, -0.6991351842880249, 1.3402972221374512], [0.7048276662826538, 0.3265521824359894, 0.6297472715377808, -0.27901896834373474], [0.0, 0.0, 0.0, 1.0]]","[[0.42516976594924927, 0.8268613219261169, 0.36814525723457336, 0.17279376089572906], [-0.4534963071346283, 0.5466113686561584, -0.7039580941200256, 1.338405966758728], [-0.7833081483840942, 0.13234910368919373, 0.6073812246322632, -0.28919148445129395], [0.0, 0.0, 0.0, 1.0]]"
"[[0.9997767210136582, 0.016145071712100983, 0.013631126038541008, -0.0070404519460310795], [-0.01614778419140529, 0.9998695850259691, 8.893648181007452e-05, 1.5905556465758153], [-0.013627912722717118, -0.00030902910668040404, 0.9999070763570717, 0.00325400286813002], [0.0, 0.0, 0.0, 1.0]]","[[0.6251246929168701, -0.6977205276489258, -0.34986448287963867, -0.2307308316230774], [0.32805654406547546, 0.6415959000587463, -0.6933495402336121, 1.3411569595336914], [0.7082358598709106, 0.31865453720092773, 0.6299692392349243, -0.28133276104927063], [0.0, 0.0, 0.0, 1.0]]","[[0.4481149911880493, 0.8088912963867188, 0.38064104318618774, 0.17274054884910583], [-0.45034435391426086, 0.5720676779747009, -0.6855131983757019, 1.3400073051452637], [-0.7722581624984741, 0.1357690840959549, 0.6206318736076355, -0.29003289341926575], [0.0, 0.0, 0.0, 1.0]]"
"[[0.9997693300286975, 0.015797652409563677, 0.014551686281997921, -0.007189457036963064], [-0.015814361988415102, 0.9998744130117837, 0.0010339181098656092, 1.5904726832197411], [-0.01453352517382407, -0.0012638052067218983, 0.9998936057067694, 0.003294294319265062], [0.0, 0.0, 0.0, 1.0]]","[[0.6251246929168701, -0.6977205276489258, -0.34986448287963867, -0.2307308316230774], [0.32805654406547546, 0.6415959000587463, -0.6933495402336121, 1.3411569595336914], [0.7082358598709106, 0.31865453720092773, 0.6299692392349243, -0.28133276104927063], [0.0, 0.0, 0.0, 1.0]]","[[0.4481149911880493, 0.8088912963867188, 0.38064104318618774, 0.17274054884910583], [-0.45034435391426086, 0.5720676779747009, -0.6855131983757019, 1.3400073051452637], [-0.7722581624984741, 0.1357690840959549, 0.6206318736076355, -0.29003289341926575], [0.0, 0.0, 0.0, 1.0]]"
"[[0.9996721148483668, 0.014320196415990643, 0.021227143785593892, -0.008188726399413319], [-0.014465740118414108, 0.9998728036901582, 0.006718872538620605, 1.5899694924103411], [-0.021128227853538628, -0.007023735945260157, 0.9997521042809479, 0.003302179423858855], [0.0, 0.0, 0.0, 1.0]]","[[0.6307079195976257, -0.668117105960846, -0.394749253988266, -0.22864168882369995], [0.3018031120300293, 0.6798209547996521, -0.6683998107910156, 1.3443487882614136], [0.7149282097816467, 0.30242839455604553, 0.6304082870483398, -0.28841647505760193], [0.0, 0.0, 0.0, 1.0]]","[[0.5189996361732483, 0.7341326475143433, 0.4378224015235901, 0.1728275865316391], [-0.349094957113266, 0.649590253829956, -0.6753999590873718, 1.3431787490844727], [-0.7802383899688721, 0.19769063591957092, 0.5934191942214966, -0.2980053126811981], [0.0, 0.0, 0.0, 1.0]]"
"[[0.9996210336725639, 0.014210483662892157, 0.02357525358615164, -0.00853578694161436], [-0.014413082368563864, 0.9998604655149611, 0.008446173396207766, 1.58981057716512], [-0.023451939423701728, -0.008782765242956223, 0.999686360366798, 0.003190914842610113], [0.0, 0.0, 0.0, 1.0]]","[[0.642058789730072, -0.6415210366249084, -0.4197750985622406, -0.22735723853111267], [0.2727203965187073, 0.7028446793556213, -0.656987726688385, 1.3458726406097412], [0.7165082097053528, 0.3073435127735138, 0.6262235045433044, -0.2923923134803772], [0.0, 0.0, 0.0, 1.0]]","[[0.5573320984840393, 0.691855788230896, 0.45903855562210083, 0.17249827086925507], [-0.3119845688343048, 0.6868546009063721, -0.6564269065856934, 1.3436952829360962], [-0.769445538520813, 0.22263480722904205, 0.5986545085906982, -0.30343401432037354], [0.0, 0.0, 0.0, 1.0]]"
"[[0.9993732571397752, 0.013938360972690654, 0.032538979558628014, -0.009869444960355635], [-0.014431131878507086, 0.9997839927622912, 0.014958619857579757, 1.589416251542803], [-0.03232345053704458, -0.015418819365650139, 0.9993585348384957, 0.0021521181187225125], [0.0, 0.0, 0.0, 1.0]]","[[0.6643527746200562, -0.6098119616508484, -0.43216294050216675, -0.22445324063301086], [0.2442464828491211, 0.7235932946205139, -0.6455667018890381, 1.3468365669250488], [0.7063844799995422, 0.32332974672317505, 0.6296656131744385, -0.2978673577308655], [0.0, 0.0, 0.0, 1.0]]","[[0.5992680191993713, 0.643139123916626, 0.4767073690891266, 0.1722070872783661], [-0.2993384897708893, 0.7322983741760254, -0.611666202545166, 1.3445439338684082], [-0.7424784898757935, 0.2238551676273346, 0.6313592791557312, -0.3112945854663849], [0.0, 0.0, 0.0, 1.0]]"
"[[0.9993180036346336, 0.01393485283267258, 0.03419617493277602, -0.010133279835359757], [-0.01448249696034433, 0.9997699856739904, 0.015819672620422397, 1.589410796931039], [-0.03396786447042416, -0.01630412960933967, 0.9992899298888326, 0.0017143237324508814], [0.0, 0.0, 0.0, 1.0]]","[[0.6742041707038879, -0.5950667858123779, -0.43742913007736206, -0.22380663454532623], [0.24005211889743805, 0.7366920709609985, -0.6321864724159241, 1.3470473289489746], [0.6984437704086304, 0.32121697068214417, 0.6395279169082642, -0.3002602756023407], [0.0, 0.0, 0.0, 1.0]]","[[0.6160639524459839, 0.6242228150367737, 0.4804280698299408, 0.17201480269432068], [-0.29400378465652466, 0.7480605840682983, -0.5949513912200928, 1.344700813293457], [-0.730771541595459, 0.22528043389320374, 0.6443769931793213, -0.31353357434272766], [0.0, 0.0, 0.0, 1.0]]"
"[[0.9992756843261814, 0.013892827056325658, 0.03542750635211863, -0.010357731643465595], [-0.01446693813058021, 0.999767303476291, 0.016000695681516245, 1.5894368952617568], [-0.03519696808392606, -0.016501633295472537, 0.9992441535205566, 0.0011921866665428361], [0.0, 0.0, 0.0, 1.0]]","[[0.6742041707038879, -0.5950667858123779, -0.43742913007736206, -0.22380663454532623], [0.24005211889743805, 0.7366920709609985, -0.6321864724159241, 1.3470473289489746], [0.6984437704086304, 0.32121697068214417, 0.6395279169082642, -0.3002602756023407], [0.0, 0.0, 0.0, 1.0]]","[[0.6160639524459839, 0.6242228150367737, 0.4804280698299408, 0.17201480269432068], [-0.29400378465652466, 0.7480605840682983, -0.5949513912200928, 1.344700813293457], [-0.730771541595459, 0.22528043389320374, 0.6443769931793213, -0.31353357434272766], [0.0, 0.0, 0.0, 1.0]]"
"[[0.9991998672457613, 0.013085088597523723, 0.037794545253890664, -0.010910379154516505], [-0.013760699985635727, 0.9997491240548814, 0.017671406461382634, 1.589499741736095], [-0.03755383197389253, -0.018177345202779065, 0.9991292953471937, -0.0008677591293057459], [0.0, 0.0, 0.0, 1.0]]","[[0.6772031188011169, -0.5898255705833435, -0.4398883581161499, -0.22315238416194916], [0.2516363859176636, 0.7474445104598999, -0.6148218512535095, 1.346310019493103], [0.6914297342300415, 0.30566737055778503, 0.6545933485031128, -0.3018791973590851], [0.0, 0.0, 0.0, 1.0]]","[[0.6279697418212891, 0.6095596551895142, 0.483829528093338, 0.17118439078330994], [-0.2760779559612274, 0.7557514905929565, -0.5938186645507812, 1.3426765203475952], [-0.7276228070259094, 0.23932544887065887, 0.642875075340271, -0.3184489607810974], [0.0, 0.0, 0.0, 1.0]]"
"[[0.9991953372732795, 0.012874811806436725, 0.0379850821558122, -0.010969504468366151], [-0.013585358939412881, 0.9997364282674707, 0.018507523757776517, 1.5894655842408696], [-0.03773678895200449, -0.019008673431912163, 0.9991068840184981, -0.001163829466370548], [0.0, 0.0, 0.0, 1.0]]","[[0.6765526533126831, -0.5893673300743103, -0.4415004849433899, -0.22334985435009003], [0.2591443955898285, 0.7517430186271667, -0.6064046621322632, 1.3447015285491943], [0.6892899870872498, 0.29585230350494385, 0.6613249778747559, -0.30275315046310425], [0.0, 0.0, 0.0, 1.0]]","[[0.6285513639450073, 0.608116626739502, 0.48488903045654297, 0.17117926478385925], [-0.27517595887184143, 0.7569881677627563, -0.5926610231399536, 1.3400442600250244], [-0.7274622917175293, 0.23908808827400208, 0.6431450247764587, -0.32194623351097107], [0.0, 0.0, 0.0, 1.0]]"
"[[0.9991763830165205, 0.012727428193237831, 0.03852998461364155, -0.011123886444261544], [-0.013540412333760219, 0.9996895790211751, 0.020913126447814043, 1.5892957350252161], [-0.03825185451866739, -0.02141761357186504, 0.9990385770708095, -0.002006691183996715], [0.0, 0.0, 0.0, 1.0]]","[[0.6765526533126831, -0.5893673300743103, -0.4415004849433899, -0.22334985435009003], [0.2591443955898285, 0.7517430186271667, -0.6064046621322632, 1.3447015285491943], [0.6892899870872498, 0.29585230350494385, 0.6613249778747559, -0.30275315046310425], [0.0, 0.0, 0.0, 1.0]]","[[0.6285513639450073, 0.608116626739502, 0.48488903045654297, 0.17117926478385925], [-0.27517595887184143, 0.7569881677627563, -0.5926610231399536, 1.3400442600250244], [-0.7274622917175293, 0.23908808827400208, 0.6431450247764587, -0.32194623351097107], [0.0, 0.0, 0.0, 1.0]]"
