Head Pose,Left Arm Pose,Right Arm Pose
"[[0.0, 0.0, 0.0, 0.0], [0.0, 0.0, 0.0, 0.0], [0.0, 0.0, 0.0, 0.0], [0.0, 0.0, 0.0, 0.0]]","[[0.0, 0.0, 0.0, 0.0], [0.0, 0.0, 0.0, 0.0], [0.0, 0.0, 0.0, 0.0], [0.0, 0.0, 0.0, 0.0]]","[[0.0, 0.0, 0.0, 0.0], [0.0, 0.0, 0.0, 0.0], [0.0, 0.0, 0.0, 0.0], [0.0, 0.0, 0.0, 0.0]]"
"[[0.9999999403953576, -0.0003108945194914444, -0.00020074228356405506, 0.0005542387147990953], [0.0003063985685069606, 0.9997574686904424, -0.02202110506063651, -0.024855932116080684], [0.00020753984157182874, 0.022021042635381745, 0.9997574687103733, -0.01168778664118042], [0.0, 0.0, 0.0, 1.0]]","[[0.0, 0.0, 0.0, 0.0], [0.0, 0.0, 0.0, 0.0], [0.0, 0.0, 0.0, 0.0], [0.0, 0.0, 0.0, 0.0]]","[[0.0, 0.0, 0.0, 0.0], [0.0, 0.0, 0.0, 0.0], [0.0, 0.0, 0.0, 0.0], [0.0, 0.0, 0.0, 0.0]]"
"[[0.5150206697113826, -0.27825603750343486, 0.8107571621400829, -0.3410243846516984], [0.0025509754220565993, 0.9463382998358082, 0.32316766893462434, 0.8224422283705086], [-0.8571738581490279, -0.16436983431400545, 0.4880936176738024, -0.39996423613370063], [0.0, 0.0, 0.0, 1.0]]","[[0.0, 0.0, 0.0, 0.0], [0.0, 0.0, 0.0, 0.0], [0.0, 0.0, 0.0, 0.0], [0.0, 0.0, 0.0, 0.0]]","[[0.0, 0.0, 0.0, 0.0], [0.0, 0.0, 0.0, 0.0], [0.0, 0.0, 0.0, 0.0], [0.0, 0.0, 0.0, 0.0]]"
"[[0.9785515660002122, -0.07073072477624713, 0.1934787006097653, -0.03492784941943685], [0.005221113623967743, 0.947421490145584, 0.3199457200814211, 1.0917634371459624], [-0.20593586852971524, -0.3120732036780391, 0.9274700895529491, -0.09497464933304478], [0.0, 0.0, 0.0, 1.0]]","[[0.0, 0.0, 0.0, 0.0], [0.0, 0.0, 0.0, 0.0], [0.0, 0.0, 0.0, 0.0], [0.0, 0.0, 0.0, 0.0]]","[[0.0, 0.0, 0.0, 0.0], [0.0, 0.0, 0.0, 0.0], [0.0, 0.0, 0.0, 0.0], [0.0, 0.0, 0.0, 0.0]]"
"[[0.9790997509870784, -0.07119845971197447, 0.19051096055242797, -0.0348045074323611], [0.007110588720882347, 0.9481325147724122, 0.3177958729791242, 1.0920128843168369], [-0.20325620260503444, -0.3097992238474278, 0.9288225764701142, -0.0953341977971127], [0.0, 0.0, 0.0, 1.0]]","[[0.0, 0.0, 0.0, 0.0], [0.0, 0.0, 0.0, 0.0], [0.0, 0.0, 0.0, 0.0], [0.0, 0.0, 0.0, 0.0]]","[[0.0, 0.0, 0.0, 0.0], [0.0, 0.0, 0.0, 0.0], [0.0, 0.0, 0.0, 0.0], [0.0, 0.0, 0.0, 0.0]]"
"[[0.9797609451567403, -0.0711589962248021, 0.18709609072413777, -0.03472394186227008], [0.008708237297434307, 0.9489471945132818, 0.3153146901039421, 1.0922623895730186], [-0.19998179216179493, -0.30730371690709024, 0.9303610884598774, -0.09549748886791116], [0.0, 0.0, 0.0, 1.0]]","[[0.0, 0.0, 0.0, 0.0], [0.0, 0.0, 0.0, 0.0], [0.0, 0.0, 0.0, 0.0], [0.0, 0.0, 0.0, 0.0]]","[[0.0, 0.0, 0.0, 0.0], [0.0, 0.0, 0.0, 0.0], [0.0, 0.0, 0.0, 0.0], [0.0, 0.0, 0.0, 0.0]]"
"[[0.9803615210398576, -0.07098649732985804, 0.18398962797900728, -0.034567528834552004], [0.009999606644424622, 0.9496624483937587, 0.3131153932343687, 1.0925040302879285], [-0.1969549965641821, -0.3051264533270623, 0.9317224011014883, -0.09573749862231107], [0.0, 0.0, 0.0, 1.0]]","[[0.0, 0.0, 0.0, 0.0], [0.0, 0.0, 0.0, 0.0], [0.0, 0.0, 0.0, 0.0], [0.0, 0.0, 0.0, 0.0]]","[[0.0, 0.0, 0.0, 0.0], [0.0, 0.0, 0.0, 0.0], [0.0, 0.0, 0.0, 0.0], [0.0, 0.0, 0.0, 0.0]]"
"[[0.9808990952701366, -0.07068580428665666, 0.18121935290887864, -0.03441760647038381], [0.011116222082020934, 0.9504844549511853, 0.31057316174223204, 1.0927100522185282], [-0.19419929521486248, -0.30262645969674823, 0.9331151246038731, -0.09598624112713897], [0.0, 0.0, 0.0, 1.0]]","[[0.0, 0.0, 0.0, 0.0], [0.0, 0.0, 0.0, 0.0], [0.0, 0.0, 0.0, 0.0], [0.0, 0.0, 0.0, 0.0]]","[[0.0, 0.0, 0.0, 0.0], [0.0, 0.0, 0.0, 0.0], [0.0, 0.0, 0.0, 0.0], [0.0, 0.0, 0.0, 0.0]]"
"[[0.9824253314862778, -0.07024489953092339, 0.17293397785043685, -0.03387306375221802], [0.014508867124998624, 0.9524196392719562, 0.30444419557113245, 1.0934276225595783], [-0.18609138130331093, -0.296584604439549, 0.9367003440710844, -0.09660639773673146], [0.0, 0.0, 0.0, 1.0]]","[[0.0, 0.0, 0.0, 0.0], [0.0, 0.0, 0.0, 0.0], [0.0, 0.0, 0.0, 0.0], [0.0, 0.0, 0.0, 0.0]]","[[0.0, 0.0, 0.0, 0.0], [0.0, 0.0, 0.0, 0.0], [0.0, 0.0, 0.0, 0.0], [0.0, 0.0, 0.0, 0.0]]"
"[[0.9856203793154822, -0.06252339545197748, 0.15698173559167689, -0.035773857891454576], [0.01393424563549492, 0.9559351230482932, 0.2932470822383917, 1.0953508336216977], [-0.16839915596983115, -0.28684287428359606, 0.9430603956454764, -0.09976830746940382], [0.0, 0.0, 0.0, 1.0]]","[[0.0, 0.0, 0.0, 0.0], [0.0, 0.0, 0.0, 0.0], [0.0, 0.0, 0.0, 0.0], [0.0, 0.0, 0.0, 0.0]]","[[0.0, 0.0, 0.0, 0.0], [0.0, 0.0, 0.0, 0.0], [0.0, 0.0, 0.0, 0.0], [0.0, 0.0, 0.0, 0.0]]"
"[[0.987431763276667, -0.05504732116310417, 0.1481497503346468, -0.03503487707150721], [0.010963782638325127, 0.9589833041504774, 0.2832503983182152, 1.0966071676643232], [-0.15766532053289212, -0.27806615145976943, 0.947534083566283, -0.10019966244472572], [0.0, 0.0, 0.0, 1.0]]","[[0.0, 0.0, 0.0, 0.0], [0.0, 0.0, 0.0, 0.0], [0.0, 0.0, 0.0, 0.0], [0.0, 0.0, 0.0, 0.0]]","[[0.0, 0.0, 0.0, 0.0], [0.0, 0.0, 0.0, 0.0], [0.0, 0.0, 0.0, 0.0], [0.0, 0.0, 0.0, 0.0]]"
"[[0.9886032335072792, -0.04813586773272378, 0.14264133046193553, -0.03400375847697513], [0.007255496998170763, 0.9616369605606329, 0.2742292290872162, 1.0974758805973184], [-0.15036944081263112, -0.27006897271217645, 0.9510266787059187, -0.10067105044147469], [0.0, 0.0, 0.0, 1.0]]","[[0.0, 0.0, 0.0, 0.0], [0.0, 0.0, 0.0, 0.0], [0.0, 0.0, 0.0, 0.0], [0.0, 0.0, 0.0, 0.0]]","[[0.0, 0.0, 0.0, 0.0], [0.0, 0.0, 0.0, 0.0], [0.0, 0.0, 0.0, 0.0], [0.0, 0.0, 0.0, 0.0]]"
"[[0.9901533127771708, -0.03945900460982335, 0.1343110657510411, -0.03284744620973235], [0.002685823633357768, 0.9646292922807221, 0.263596563705695, 1.0988148821229007], [-0.13996164433387398, -0.26064026438306553, 0.9552368523019755, -0.1009095110335999], [0.0, 0.0, 0.0, 1.0]]","[[0.0, 0.0, 0.0, 0.0], [0.0, 0.0, 0.0, 0.0], [0.0, 0.0, 0.0, 0.0], [0.0, 0.0, 0.0, 0.0]]","[[0.0, 0.0, 0.0, 0.0], [0.0, 0.0, 0.0, 0.0], [0.0, 0.0, 0.0, 0.0], [0.0, 0.0, 0.0, 0.0]]"
"[[0.991411089647886, -0.033064559665502674, 0.12653355111192113, -0.03158137928109185], [0.00039907584549516686, 0.968273284460848, 0.24989327247566817, 1.100424372930709], [-0.13078166733671776, -0.24769646470122728, 0.9599701143941224, -0.10088988698125634], [0.0, 0.0, 0.0, 1.0]]","[[0.0, 0.0, 0.0, 0.0], [0.0, 0.0, 0.0, 0.0], [0.0, 0.0, 0.0, 0.0], [0.0, 0.0, 0.0, 0.0]]","[[0.0, 0.0, 0.0, 0.0], [0.0, 0.0, 0.0, 0.0], [0.0, 0.0, 0.0, 0.0], [0.0, 0.0, 0.0, 0.0]]"
"[[0.9928030971603413, -0.025588155590456158, 0.11699256621501257, -0.029907830148273917], [-0.0023571724132561774, 0.9725424051990583, 0.23271372932290044, 1.1025164748815424], [-0.11973494715788557, -0.23131467384005575, 0.9654828305692497, -0.10054225043463486], [0.0, 0.0, 0.0, 1.0]]","[[0.0, 0.0, 0.0, 0.0], [0.0, 0.0, 0.0, 0.0], [0.0, 0.0, 0.0, 0.0], [0.0, 0.0, 0.0, 0.0]]","[[0.0, 0.0, 0.0, 0.0], [0.0, 0.0, 0.0, 0.0], [0.0, 0.0, 0.0, 0.0], [0.0, 0.0, 0.0, 0.0]]"
"[[0.9936736821283924, -0.02144822623183124, 0.11023878230260585, -0.028583388545675673], [-0.0031399231457441322, 0.9759043461225554, 0.2181761887862667, 1.10417766263158], [-0.11226199643207813, -0.21714207259869747, 0.9696631426363568, -0.10016560342315473], [0.0, 0.0, 0.0, 1.0]]","[[0.0, 0.0, 0.0, 0.0], [0.0, 0.0, 0.0, 0.0], [0.0, 0.0, 0.0, 0.0], [0.0, 0.0, 0.0, 0.0]]","[[0.0, 0.0, 0.0, 0.0], [0.0, 0.0, 0.0, 0.0], [0.0, 0.0, 0.0, 0.0], [0.0, 0.0, 0.0, 0.0]]"
"[[0.9944320320641004, -0.016910500465889187, 0.10401402370607918, -0.02693590936738276], [-0.0043483708193494995, 0.9796148551547713, 0.20083769296912138, 1.1063220296221918], [-0.10528995139920647, -0.20017173255177548, 0.9740868794288414, -0.09917208481035919], [0.0, 0.0, 0.0, 1.0]]","[[0.0, 0.0, 0.0, 0.0], [0.0, 0.0, 0.0, 0.0], [0.0, 0.0, 0.0, 0.0], [0.0, 0.0, 0.0, 0.0]]","[[0.0, 0.0, 0.0, 0.0], [0.0, 0.0, 0.0, 0.0], [0.0, 0.0, 0.0, 0.0], [0.0, 0.0, 0.0, 0.0]]"
"[[0.9946380256426851, -0.01243742353301582, 0.10266716656873544, -0.025830776761510035], [-0.00729320368748243, 0.9818345301803598, 0.18959897412396698, 1.1077697472330572], [-0.10316029312421954, -0.18933111773394323, 0.9764792331070067, -0.09833819230816226], [0.0, 0.0, 0.0, 1.0]]","[[0.0, 0.0, 0.0, 0.0], [0.0, 0.0, 0.0, 0.0], [0.0, 0.0, 0.0, 0.0], [0.0, 0.0, 0.0, 0.0]]","[[0.0, 0.0, 0.0, 0.0], [0.0, 0.0, 0.0, 0.0], [0.0, 0.0, 0.0, 0.0], [0.0, 0.0, 0.0, 0.0]]"
"[[0.9949643019985444, -0.00269616698352175, 0.1001935568036449, -0.023801601161240204], [-0.013306619603834316, 0.9872361425570432, 0.15870647379462716, 1.111363117624169], [-0.09934259538036476, -0.15924051156933314, 0.9822288743396907, -0.09638399292338537], [0.0, 0.0, 0.0, 1.0]]","[[0.0, 0.0, 0.0, 0.0], [0.0, 0.0, 0.0, 0.0], [0.0, 0.0, 0.0, 0.0], [0.0, 0.0, 0.0, 0.0]]","[[0.0, 0.0, 0.0, 0.0], [0.0, 0.0, 0.0, 0.0], [0.0, 0.0, 0.0, 0.0], [0.0, 0.0, 0.0, 0.0]]"
"[[0.9951468704297971, -0.002206541776986932, 0.09837575820078293, -0.022600790196704964], [-0.011535215603517503, 0.9902394415086402, 0.1388984330701319, 1.113860305005666], [-0.09772204044471344, -0.13935913064008074, 0.9854082465837652, -0.09408215550467693], [0.0, 0.0, 0.0, 1.0]]","[[0.0, 0.0, 0.0, 0.0], [0.0, 0.0, 0.0, 0.0], [0.0, 0.0, 0.0, 0.0], [0.0, 0.0, 0.0, 0.0]]","[[0.0, 0.0, 0.0, 0.0], [0.0, 0.0, 0.0, 0.0], [0.0, 0.0, 0.0, 0.0], [0.0, 0.0, 0.0, 0.0]]"
"[[0.9954283834358897, 0.00025226140029216334, 0.09551076673666675, -0.0217409560615614], [-0.011853837765683883, 0.9925913811483215, 0.1209209642020031, 1.1160591486747105], [-0.09477265841563504, -0.1215003275665478, 0.988056599938465, -0.09106635314815892], [0.0, 0.0, 0.0, 1.0]]","[[0.0, 0.0, 0.0, 0.0], [0.0, 0.0, 0.0, 0.0], [0.0, 0.0, 0.0, 0.0], [0.0, 0.0, 0.0, 0.0]]","[[0.0, 0.0, 0.0, 0.0], [0.0, 0.0, 0.0, 0.0], [0.0, 0.0, 0.0, 0.0], [0.0, 0.0, 0.0, 0.0]]"
"[[0.9955527185910032, 0.0015945971296381972, 0.09419283220729052, -0.021186010027604202], [-0.01202596455763757, 0.9938276412228791, 0.11028149914321925, 1.1172740921586817], [-0.09343558599987803, -0.11092380243959403, 0.9894269703174491, -0.08814358057323127], [0.0, 0.0, 0.0, 1.0]]","[[0.0, 0.0, 0.0, 0.0], [0.0, 0.0, 0.0, 0.0], [0.0, 0.0, 0.0, 0.0], [0.0, 0.0, 0.0, 0.0]]","[[0.0, 0.0, 0.0, 0.0], [0.0, 0.0, 0.0, 0.0], [0.0, 0.0, 0.0, 0.0], [0.0, 0.0, 0.0, 0.0]]"
"[[0.9955132008767457, 0.001852275823390522, 0.09460467225276403, -0.020874289414332153], [-0.011831820107848903, 0.9943981170289008, 0.105035334480077, 1.1179117057512353], [-0.09388015294111791, -0.1056834090230167, 0.9899583458071206, -0.08634480272773351], [0.0, 0.0, 0.0, 1.0]]","[[0.0, 0.0, 0.0, 0.0], [0.0, 0.0, 0.0, 0.0], [0.0, 0.0, 0.0, 0.0], [0.0, 0.0, 0.0, 0.0]]","[[0.0, 0.0, 0.0, 0.0], [0.0, 0.0, 0.0, 0.0], [0.0, 0.0, 0.0, 0.0], [0.0, 0.0, 0.0, 0.0]]"
"[[0.9954720138596816, 0.001798440636919069, 0.09503835343369595, -0.020788833704685827], [-0.011715963431781901, 0.9945189356542857, 0.10389836852841687, 1.118086047544642], [-0.09433058745613952, -0.1045413839311092, 0.9900367857209864, -0.08577639931174894], [0.0, 0.0, 0.0, 1.0]]","[[0.0, 0.0, 0.0, 0.0], [0.0, 0.0, 0.0, 0.0], [0.0, 0.0, 0.0, 0.0], [0.0, 0.0, 0.0, 0.0]]","[[0.0, 0.0, 0.0, 0.0], [0.0, 0.0, 0.0, 0.0], [0.0, 0.0, 0.0, 0.0], [0.0, 0.0, 0.0, 0.0]]"
"[[0.9953969718775213, 0.0014301803835178055, 0.09582686601799222, -0.020583912714869642], [-0.011223721789524506, 0.9947477576833553, 0.10173963534095115, 1.118327449547107], [-0.09517805100757393, -0.10234686208508198, 0.9901849628050096, -0.08451734591117999], [0.0, 0.0, 0.0, 1.0]]","[[0.0, 0.0, 0.0, 0.0], [0.0, 0.0, 0.0, 0.0], [0.0, 0.0, 0.0, 0.0], [0.0, 0.0, 0.0, 0.0]]","[[0.0, 0.0, 0.0, 0.0], [0.0, 0.0, 0.0, 0.0], [0.0, 0.0, 0.0, 0.0], [0.0, 0.0, 0.0, 0.0]]"
"[[0.9951643345576954, 0.0011168889228250459, 0.0982178352704766, -0.020177986591748187], [-0.010980887944624226, 0.9949321750435752, 0.09994680792027132, 1.1185736657646974], [-0.09760845676748725, -0.10054201275176404, 0.9901332853839131, -0.08265631563715907], [0.0, 0.0, 0.0, 1.0]]","[[0.0, 0.0, 0.0, 0.0], [0.0, 0.0, 0.0, 0.0], [0.0, 0.0, 0.0, 0.0], [0.0, 0.0, 0.0, 0.0]]","[[0.0, 0.0, 0.0, 0.0], [0.0, 0.0, 0.0, 0.0], [0.0, 0.0, 0.0, 0.0], [0.0, 0.0, 0.0, 0.0]]"
"[[0.9949290753029371, 0.0016371208076335244, 0.1005657246952077, -0.019735018436352628], [-0.011438970493993934, 0.9952217343341428, 0.09696808750089858, 1.1187147261267758], [-0.0999264487380961, -0.09762673532310283, 0.9901937838872523, -0.08092389989940568], [0.0, 0.0, 0.0, 1.0]]","[[0.0, 0.0, 0.0, 0.0], [0.0, 0.0, 0.0, 0.0], [0.0, 0.0, 0.0, 0.0], [0.0, 0.0, 0.0, 0.0]]","[[0.0, 0.0, 0.0, 0.0], [0.0, 0.0, 0.0, 0.0], [0.0, 0.0, 0.0, 0.0], [0.0, 0.0, 0.0, 0.0]]"
"[[0.994729221024983, 0.0022144568740386753, 0.10251291998609138, -0.019393389120824972], [-0.012065368971694614, 0.9953491685366965, 0.09557445842908889, 1.1189267502584426], [-0.10182450554386539, -0.096307563296089, 0.9901295901123903, -0.07983916392687565], [0.0, 0.0, 0.0, 1.0]]","[[0.3427199423313141, -0.9270341992378235, -0.15215308964252472, -0.9952587485313416], [-0.023562846705317497, 0.15342840552330017, -0.9878787994384766, -0.2956078052520752], [0.9391420483589172, 0.34215089678764343, 0.030739422887563705, 1.3624587059020996], [0.0, 0.0, 0.0, 1.0]]","[[0.0, 0.0, 0.0, 0.0], [0.0, 0.0, 0.0, 0.0], [0.0, 0.0, 0.0, 0.0], [0.0, 0.0, 0.0, 0.0]]"
"[[0.9944472909446039, 0.003664959412583271, 0.10517218760556345, -0.01887647857106091], [-0.013489557006812534, 0.9955881833483377, 0.0928559446290056, 1.119149612212966], [-0.10436787404709688, -0.09375906795711113, 0.9901093840614668, -0.07827682379327583], [0.0, 0.0, 0.0, 1.0]]","[[0.3688143789768219, -0.928088366985321, -0.051261719316244125, -1.381136417388916], [0.04278343915939331, 0.07204132527112961, -0.9964835047721863, -0.9861191511154175], [0.9285178184509277, 0.3653241991996765, 0.06627676635980606, 2.145855665206909], [0.0, 0.0, 0.0, 1.0]]","[[0.5913445949554443, 0.803016185760498, 0.07400386035442352, 0.7483895421028137], [0.288723349571228, -0.12514135241508484, -0.9491987824440002, 1.7619045972824097], [-0.7529610395431519, 0.5826701521873474, -0.30585116147994995, -3.2191030979156494], [0.0, 0.0, 0.0, 1.0]]"
"[[0.9940920473906101, 0.005868983247368562, 0.10838167535519658, -0.01817411015971479], [-0.01599848291179634, 0.9955534336665747, 0.09283006693005666, 1.1192577732004083], [-0.10735492987179693, -0.09401557092785721, 0.9897656441197563, -0.07619862061182409], [0.0, 0.0, 0.0, 1.0]]","[[0.37435975670814514, -0.921604573726654, -0.10246803611516953, -0.2492668181657791], [0.022553754970431328, 0.11952035874128342, -0.9925755262374878, 0.9795750379562378], [0.9270092248916626, 0.3692692518234253, 0.06552927941083908, -0.14424805343151093], [0.0, 0.0, 0.0, 1.0]]","[[0.3280818462371826, 0.9445813894271851, 0.011317015625536442, -0.24286817014217377], [-0.259093701839447, 0.1014990583062172, -0.9605040550231934, 0.45845717191696167], [-0.9084230661392212, 0.3121916353702545, 0.2780352532863617, 1.6568171977996826], [0.0, 0.0, 0.0, 1.0]]"
"[[0.9937447307945882, 0.0063410314124934825, 0.11149541899514268, -0.017425182074982577], [-0.016917722639728305, 0.9954119922653382, 0.09417389531465997, 1.1192246442300173], [-0.1103867231314176, -0.095471059783969, 0.9892926811797029, -0.07427601658274866], [0.0, 0.0, 0.0, 1.0]]","[[0.40573298931121826, -0.9127975702285767, -0.04670178145170212, -0.25247329473495483], [0.14947299659252167, 0.11667513847351074, -0.9818575978279114, 0.9580692648887634], [0.9016863703727722, 0.39139124751091003, 0.18377767503261566, -0.16101644933223724], [0.0, 0.0, 0.0, 1.0]]","[[0.5124449729919434, 0.8503353595733643, 0.11970726400613785, 0.138307124376297], [-0.08628831058740616, 0.189686581492424, -0.978045642375946, 0.9284007549285889], [-0.8543736934661865, 0.49086523056030273, 0.1705779731273651, -0.23810210824012756], [0.0, 0.0, 0.0, 1.0]]"
"[[0.9933871029473713, 0.005595484247945381, 0.11467689173267728, -0.016710775982982182], [-0.01666605569184562, 0.9952603579239045, 0.09580726984821908, 1.1190894178361268], [-0.11359728230191829, -0.0970849164954508, 0.9887720347026541, -0.07264930003922908], [0.0, 0.0, 0.0, 1.0]]","[[0.4508260488510132, -0.8903334140777588, -0.06373406946659088, -0.25271734595298767], [0.167144313454628, 0.15434207022190094, -0.973776638507843, 0.953856348991394], [0.8768229484558105, 0.4283509850502014, 0.21839570999145508, -0.16459044814109802], [0.0, 0.0, 0.0, 1.0]]","[[0.5308008193969727, 0.8377583622932434, 0.12810656428337097, 0.13819068670272827], [-0.08987707644701004, 0.20595110952854156, -0.9744260311126709, 0.922724723815918], [-0.8427173495292664, 0.5057122707366943, 0.18461434543132782, -0.24145475029945374], [0.0, 0.0, 0.0, 1.0]]"
"[[0.9929881099681478, 0.004431386703169655, 0.11813094046866293, -0.016022576533504026], [-0.0159439521455106, 0.9951868053514213, 0.0966901443054233, 1.1190146709668802], [-0.11713388237202776, -0.09789564096431401, 0.9882793426356504, -0.07131008435155953], [0.0, 0.0, 0.0, 1.0]]","[[0.5148126482963562, -0.8512483835220337, -0.10170578956604004, -0.256715327501297], [0.17635440826416016, 0.22125089168548584, -0.9591387510299683, 0.9450756311416626], [0.8389678001403809, 0.4758404791355133, 0.26402419805526733, -0.17687973380088806], [0.0, 0.0, 0.0, 1.0]]","[[0.5174974203109741, 0.8413189053535461, 0.15613766014575958, 0.13725240528583527], [-0.10536020994186401, 0.2437320202589035, -0.9641026854515076, 0.9100859761238098], [-0.8491734862327576, 0.48246997594833374, 0.21477220952510834, -0.24406953155994415], [0.0, 0.0, 0.0, 1.0]]"
"[[0.9926511045509187, 0.0039124009868310135, 0.12094822965073908, -0.015542699708073699], [-0.015721870985050363, 0.99517565957831, 0.09684148349831827, 1.1190278045083049], [-0.11998585172485987, -0.09803134283949605, 0.9879236821899661, -0.07049476813461665], [0.0, 0.0, 0.0, 1.0]]","[[0.5746180415153503, -0.8095518350601196, -0.12016553431749344, -0.25959980487823486], [0.19969232380390167, 0.2810739576816559, -0.9386799335479736, 0.9372485876083374], [0.7936856150627136, 0.5153862237930298, 0.32317158579826355, -0.1840989887714386], [0.0, 0.0, 0.0, 1.0]]","[[0.5030460953712463, 0.8465647101402283, 0.1739906221628189, 0.13407695293426514], [-0.06973070651292801, 0.24041743576526642, -0.9681615829467773, 0.8981858491897583], [-0.8614419102668762, 0.4748973250389099, 0.17997266352176666, -0.24573858082294464], [0.0, 0.0, 0.0, 1.0]]"
"[[0.991806149597902, 0.005587564052995266, 0.1276298025719728, -0.013995077267778048], [-0.018152533361706923, 0.9950700406280591, 0.09749898717058093, 1.1190359076098149], [-0.12645581270531758, -0.0990168933545314, 0.9870180482439269, -0.06879172114214258], [0.0, 0.0, 0.0, 1.0]]","[[0.6101400256156921, -0.7862396836280823, -0.09775512665510178, -0.2565140724182129], [0.22874131798744202, 0.29293492436408997, -0.9283674359321594, 0.9314841032028198], [0.7585554122924805, 0.5440734028816223, 0.3585769534111023, -0.1891261637210846], [0.0, 0.0, 0.0, 1.0]]","[[0.4798397421836853, 0.8533112406730652, 0.20399364829063416, 0.13026532530784607], [-0.07961230725049973, 0.27389848232269287, -0.9584576487541199, 0.8894294500350952], [-0.8737364411354065, 0.4436655342578888, 0.19936159253120422, -0.24311789870262146], [0.0, 0.0, 0.0, 1.0]]"
"[[0.9916583302756586, 0.006324145332945246, 0.12873913599615386, -0.012950856670115456], [-0.019202864407526592, 0.9948977825277187, 0.09904370926554308, 1.1188660213468815], [-0.12745591746205986, -0.10068968213860892, 0.9867200850919179, -0.06811184460759967], [0.0, 0.0, 0.0, 1.0]]","[[0.6123350858688354, -0.7861667275428772, -0.08359164744615555, -0.2573968768119812], [0.2701348066329956, 0.3074209988117218, -0.9124250411987305, 0.9259387254714966], [0.7430160641670227, 0.5361288189888, 0.4006156921386719, -0.19188278913497925], [0.0, 0.0, 0.0, 1.0]]","[[0.4366376996040344, 0.8776025772094727, 0.1978917270898819, 0.1291150152683258], [-0.1291639357805252, 0.278843492269516, -0.9516106843948364, 0.8835891485214233], [-0.8903168439865112, 0.3899485766887665, 0.23510821163654327, -0.2419879138469696], [0.0, 0.0, 0.0, 1.0]]"
"[[0.9916546340325367, 0.0053719424972340675, 0.12881081954178059, -0.012249184133742534], [-0.01841361463498025, 0.9947897790931325, 0.10027103034257169, 1.1187741165617349], [-0.12760103091064245, -0.10180610510111579, 0.9865868096983792, -0.06771447912562135], [0.0, 0.0, 0.0, 1.0]]","[[0.6375164985656738, -0.7652509808540344, -0.089238740503788, -0.25727909803390503], [0.25406306982040405, 0.3181653320789337, -0.9133579134941101, 0.9221321940422058], [0.7273407578468323, 0.5596084594726562, 0.3972576856613159, -0.1944652944803238], [0.0, 0.0, 0.0, 1.0]]","[[0.41808485984802246, 0.8864734768867493, 0.19841796159744263, 0.12899135053157806], [-0.1551492065191269, 0.28489622473716736, -0.9459189772605896, 0.8810746073722839], [-0.8950607180595398, 0.3646899461746216, 0.2566465139389038, -0.24126902222633362], [0.0, 0.0, 0.0, 1.0]]"
"[[0.9916821719665556, 0.004972888410209671, 0.12861469497228925, -0.01171909857095557], [-0.017977200195075024, 0.9948100446669778, 0.10014865452245506, 1.1188236902865951], [-0.12744916866277395, -0.10162776803776002, 0.986624777271273, -0.06733865314063107], [0.0, 0.0, 0.0, 1.0]]","[[0.6375164985656738, -0.7652509808540344, -0.089238740503788, -0.25727909803390503], [0.25406306982040405, 0.3181653320789337, -0.9133579134941101, 0.9221321940422058], [0.7273407578468323, 0.5596084594726562, 0.3972576856613159, -0.1944652944803238], [0.0, 0.0, 0.0, 1.0]]","[[0.41808485984802246, 0.8864734768867493, 0.19841796159744263, 0.12899135053157806], [-0.1551492065191269, 0.28489622473716736, -0.9459189772605896, 0.8810746073722839], [-0.8950607180595398, 0.3646899461746216, 0.2566465139389038, -0.24126902222633362], [0.0, 0.0, 0.0, 1.0]]"
"[[0.9916821719665556, 0.004972888410209671, 0.12861469497228925, -0.01171909857095557], [-0.017977200195075024, 0.9948100446669778, 0.10014865452245506, 1.1188236902865951], [-0.12744916866277395, -0.10162776803776002, 0.986624777271273, -0.06733865314063107], [0.0, 0.0, 0.0, 1.0]]","[[0.6445125341415405, -0.7587795257568359, -0.0941116064786911, -0.2593161165714264], [0.24920393526554108, 0.32483452558517456, -0.9123483896255493, 0.918683648109436], [0.7228421568870544, 0.5645669102668762, 0.3984508812427521, -0.19707635045051575], [0.0, 0.0, 0.0, 1.0]]","[[0.408862829208374, 0.8920760750770569, 0.19243505597114563, 0.12987039983272552], [-0.17205902934074402, 0.28243693709373474, -0.9437292218208313, 0.8796411156654358], [-0.8962291479110718, 0.35274553298950195, 0.26896777749061584, -0.2404717057943344], [0.0, 0.0, 0.0, 1.0]]"
"[[0.9916917077158133, 0.00481476996323969, 0.12854733397413887, -0.011536723949457288], [-0.017756105975742075, 0.9948572512749247, 0.09971870120627851, 1.1188845409393426], [-0.1274061269576393, -0.10117271158831158, 0.9866771114276401, -0.06723573206757225], [0.0, 0.0, 0.0, 1.0]]","[[0.6445125341415405, -0.7587795257568359, -0.0941116064786911, -0.2593161165714264], [0.24920393526554108, 0.32483452558517456, -0.9123483896255493, 0.918683648109436], [0.7228421568870544, 0.5645669102668762, 0.3984508812427521, -0.19707635045051575], [0.0, 0.0, 0.0, 1.0]]","[[0.408862829208374, 0.8920760750770569, 0.19243505597114563, 0.12987039983272552], [-0.17205902934074402, 0.28243693709373474, -0.9437292218208313, 0.8796411156654358], [-0.8962291479110718, 0.35274553298950195, 0.26896777749061584, -0.2404717057943344], [0.0, 0.0, 0.0, 1.0]]"
"[[0.9917135839474562, 0.004478198680646289, 0.12839037543283016, -0.01132614824509073], [-0.017286957502745517, 0.9949547055361253, 0.09882443696852014, 1.1189554559744026], [-0.12730005020155413, -0.1002250134885761, 0.9867875568301249, -0.06708172876100396], [0.0, 0.0, 0.0, 1.0]]","[[0.6455100774765015, -0.7576799988746643, -0.09611281752586365, -0.2599186599254608], [0.24911890923976898, 0.32783785462379456, -0.9112967848777771, 0.9176768660545349], [0.72198086977005, 0.5643076300621033, 0.4003751277923584, -0.197637677192688], [0.0, 0.0, 0.0, 1.0]]","[[0.40801867842674255, 0.8929081559181213, 0.1903569996356964, 0.13012520968914032], [-0.17603656649589539, 0.2815333306789398, -0.9432656764984131, 0.8793313503265381], [-0.8958414793014526, 0.3513602316379547, 0.27205532789230347, -0.24031125009059906], [0.0, 0.0, 0.0, 1.0]]"
"[[0.9917036285941665, 0.0043494024511739286, 0.12847197854281953, -0.010965568626452283], [-0.016816843933208352, 0.9952276945400037, 0.09611962016967245, 1.1191590794761188], [-0.12744081712006078, -0.09748266610952913, 0.9870440372629445, -0.0668681047154476], [0.0, 0.0, 0.0, 1.0]]","[[0.6625596880912781, -0.7392101287841797, -0.1207602322101593, -0.26320984959602356], [0.24826689064502716, 0.3688516318798065, -0.8957186341285706, 0.9059571027755737], [0.7066669464111328, 0.5634862184524536, 0.42790764570236206, -0.20433101058006287], [0.0, 0.0, 0.0, 1.0]]","[[0.34050795435905457, 0.9293797016143799, 0.14250528812408447, 0.13205429911613464], [-0.2834799885749817, 0.24598589539527893, -0.9268926978111267, 0.8735659122467041], [-0.8964895009994507, 0.2752169370651245, 0.34722068905830383, -0.24135330319404602], [0.0, 0.0, 0.0, 1.0]]"
"[[0.9913874872510738, 0.005564114690753693, 0.1308428854551949, -0.01079849406648423], [-0.017717504727658748, 0.9956100586787608, 0.09190583625384939, 1.1196430581342096], [-0.12975711516469363, -0.0934325044458234, 0.987133978627716, -0.06653725173516828], [0.0, 0.0, 0.0, 1.0]]","[[0.678174614906311, -0.7222703099250793, -0.1356639415025711, -0.2607148289680481], [0.2764635384082794, 0.42178019881248474, -0.8635213971138, 0.8988239169120789], [0.6809163093566895, 0.5481120944023132, 0.4857220947742462, -0.2056467980146408], [0.0, 0.0, 0.0, 1.0]]","[[0.29603973031044006, 0.9461424946784973, 0.13105246424674988, 0.13242779672145844], [-0.33374476432800293, 0.23101484775543213, -0.9139181971549988, 0.8684310913085938], [-0.8949719667434692, 0.2268179953098297, 0.38415971398353577, -0.24501919746398926], [0.0, 0.0, 0.0, 1.0]]"
"[[0.9911727908121991, 0.007281222884300854, 0.13237621104832487, -0.01086695282911285], [-0.019291602037158108, 0.9957842826619535, 0.08967460667862062, 1.1199407341244134], [-0.13116520428542305, -0.09143678122983805, 0.9871347543917148, -0.06632402021995391], [0.0, 0.0, 0.0, 1.0]]","[[0.6847172379493713, -0.7120599746704102, -0.15534751117229462, -0.2574336528778076], [0.2923867404460907, 0.4636322557926178, -0.8363941311836243, 0.8958687782287598], [0.6675869226455688, 0.5272719860076904, 0.5256538987159729, -0.2050713300704956], [0.0, 0.0, 0.0, 1.0]]","[[0.27304548025131226, 0.9546229839324951, 0.11891528218984604, 0.1320287436246872], [-0.3861371576786041, 0.2219747006893158, -0.8953351378440857, 0.864495575428009], [-0.8811038136482239, 0.19854946434497833, 0.42922475934028625, -0.24779407680034637], [0.0, 0.0, 0.0, 1.0]]"
"[[0.9915655845696291, 0.009487553202088602, 0.12925824088674623, -0.010679406687516423], [-0.020219616889480832, 0.9964296220352835, 0.08197076451369786, 1.1207583016399933], [-0.1280190392054932, -0.08389294314793089, 0.988217116109048, -0.06636173127469114], [0.0, 0.0, 0.0, 1.0]]","[[0.686223030090332, -0.7062246203422546, -0.17419715225696564, -0.25641337037086487], [0.29050517082214355, 0.4856422543525696, -0.8244745135307312, 0.8942674398422241], [0.6668617725372314, 0.5151681303977966, 0.5384208559989929, -0.20514774322509766], [0.0, 0.0, 0.0, 1.0]]","[[0.2679828107357025, 0.9570423364639282, 0.11070124059915543, 0.13208016753196716], [-0.40224868059158325, 0.21555685997009277, -0.8897925615310669, 0.864726185798645], [-0.8754317760467529, 0.19391949474811554, 0.44273480772972107, -0.2481459528207779], [0.0, 0.0, 0.0, 1.0]]"
"[[0.9918963909987202, 0.010142328887426751, 0.12664394151067887, -0.010453608935496966], [-0.020056708046054934, 0.9968094228478279, 0.07725760183743001, 1.1213011483269517], [-0.12545630265378796, -0.0791715995270872, 0.9889350533809761, -0.06635451579138857], [0.0, 0.0, 0.0, 1.0]]","[[0.688896119594574, -0.7027157545089722, -0.17779956758022308, -0.2549758553504944], [0.294493168592453, 0.49546366930007935, -0.8171839118003845, 0.8933743834495544], [0.6623412370681763, 0.5105940103530884, 0.5482680201530457, -0.20470039546489716], [0.0, 0.0, 0.0, 1.0]]","[[0.2639637887477875, 0.9588411450386047, 0.10462704300880432, 0.1336103081703186], [-0.41079044342041016, 0.20990228652954102, -0.8872385621070862, 0.8655131459236145], [-0.8726822733879089, 0.19121909141540527, 0.44928935170173645, -0.24867625534534454], [0.0, 0.0, 0.0, 1.0]]"
"[[0.9918963909987202, 0.010142328887426751, 0.12664394151067887, -0.010453608935496966], [-0.020056708046054934, 0.9968094228478279, 0.07725760183743001, 1.1213011483269517], [-0.12545630265378796, -0.0791715995270872, 0.9889350533809761, -0.06635451579138857], [0.0, 0.0, 0.0, 1.0]]","[[0.6844683885574341, -0.7070872783660889, -0.17756867408752441, -0.2542983293533325], [0.29715415835380554, 0.4929979741573334, -0.8177117109298706, 0.8924670815467834], [0.6657345294952393, 0.5069326162338257, 0.5475554466247559, -0.2047359049320221], [0.0, 0.0, 0.0, 1.0]]","[[0.2639637887477875, 0.9588411450386047, 0.10462704300880432, 0.1336103081703186], [-0.41079044342041016, 0.20990228652954102, -0.8872385621070862, 0.8655131459236145], [-0.8726822733879089, 0.19121909141540527, 0.44928935170173645, -0.24867625534534454], [0.0, 0.0, 0.0, 1.0]]"
"[[0.9918963909987202, 0.010142328887426751, 0.12664394151067887, -0.010453608935496966], [-0.020056708046054934, 0.9968094228478279, 0.07725760183743001, 1.1213011483269517], [-0.12545630265378796, -0.0791715995270872, 0.9889350533809761, -0.06635451579138857], [0.0, 0.0, 0.0, 1.0]]","[[0.6844683885574341, -0.7070872783660889, -0.17756867408752441, -0.2542983293533325], [0.29715415835380554, 0.4929979741573334, -0.8177117109298706, 0.8924670815467834], [0.6657345294952393, 0.5069326162338257, 0.5475554466247559, -0.2047359049320221], [0.0, 0.0, 0.0, 1.0]]","[[0.2587586045265198, 0.9611393809318542, 0.09620287269353867, 0.13499557971954346], [-0.4248083233833313, 0.20267917215824127, -0.8823032379150391, 0.8659757375717163], [-0.8675147294998169, 0.18743571639060974, 0.46074503660202026, -0.2490062564611435], [0.0, 0.0, 0.0, 1.0]]"
"[[0.9920906426694769, 0.01090862209749301, 0.12504857955782117, -0.01033424141014548], [-0.020352680433272527, 0.9970135689563805, 0.07449632237186725, 1.1215369115205112], [-0.12386248083503537, -0.07645217975148859, 0.9893498417728535, -0.06632310186738133], [0.0, 0.0, 0.0, 1.0]]","[[0.6844683885574341, -0.7070872783660889, -0.17756867408752441, -0.2542983293533325], [0.29715415835380554, 0.4929979741573334, -0.8177117109298706, 0.8924670815467834], [0.6657345294952393, 0.5069326162338257, 0.5475554466247559, -0.2047359049320221], [0.0, 0.0, 0.0, 1.0]]","[[0.2587586045265198, 0.9611393809318542, 0.09620287269353867, 0.13499557971954346], [-0.4248083233833313, 0.20267917215824127, -0.8823032379150391, 0.8659757375717163], [-0.8675147294998169, 0.18743571639060974, 0.46074503660202026, -0.2490062564611435], [0.0, 0.0, 0.0, 1.0]]"
"[[0.9922742250517886, 0.011458333522766932, 0.12353363872250628, -0.010185966698383609], [-0.020462932124048375, 0.9972039460620615, 0.0718714736802688, 1.1218247261880712], [-0.12236470490017821, -0.07384406845735392, 0.9897342917831161, -0.06628789643183709], [0.0, 0.0, 0.0, 1.0]]","[[0.6844683885574341, -0.7070872783660889, -0.17756867408752441, -0.2542983293533325], [0.29715415835380554, 0.4929979741573334, -0.8177117109298706, 0.8924670815467834], [0.6657345294952393, 0.5069326162338257, 0.5475554466247559, -0.2047359049320221], [0.0, 0.0, 0.0, 1.0]]","[[0.2587586045265198, 0.9611393809318542, 0.09620287269353867, 0.13499557971954346], [-0.4248083233833313, 0.20267917215824127, -0.8823032379150391, 0.8659757375717163], [-0.8675147294998169, 0.18743571639060974, 0.46074503660202026, -0.2490062564611435], [0.0, 0.0, 0.0, 1.0]]"
"[[0.9924646615283044, 0.012069297534682015, 0.12193548629070793, -0.010009439612270783], [-0.0206082337076886, 0.9974029659520118, 0.0690118212814578, 1.1221019903051377], [-0.12078589251254532, -0.07100466744944967, 0.9901359082627431, -0.06623891604506632], [0.0, 0.0, 0.0, 1.0]]","[[0.6798827052116394, -0.7116815447807312, -0.17682994902133942, -0.2536930739879608], [0.29257726669311523, 0.48436468839645386, -0.8244933485984802, 0.8906371593475342], [0.6724269390106201, 0.5088222622871399, 0.5375330448150635, -0.20607155561447144], [0.0, 0.0, 0.0, 1.0]]","[[0.2587586045265198, 0.9611393809318542, 0.09620287269353867, 0.13499557971954346], [-0.4248083233833313, 0.20267917215824127, -0.8823032379150391, 0.8659757375717163], [-0.8675147294998169, 0.18743571639060974, 0.46074503660202026, -0.2490062564611435], [0.0, 0.0, 0.0, 1.0]]"
"[[0.9927775861779398, 0.012551614536440048, 0.11931089483529037, -0.009771662932138535], [-0.020373426856005527, 0.9977053998669366, 0.06456634208574603, 1.1225144273458434], [-0.11822671271533071, -0.06653078839168233, 0.9907553195148326, -0.06613520227301331], [0.0, 0.0, 0.0, 1.0]]","[[0.6798827052116394, -0.7116815447807312, -0.17682994902133942, -0.2536930739879608], [0.29257726669311523, 0.48436468839645386, -0.8244933485984802, 0.8906371593475342], [0.6724269390106201, 0.5088222622871399, 0.5375330448150635, -0.20607155561447144], [0.0, 0.0, 0.0, 1.0]]","[[0.2493201643228531, 0.9649176001548767, 0.08230113238096237, 0.13741108775138855], [-0.457641065120697, 0.19229035079479218, -0.8680950999259949, 0.8667207956314087], [-0.8534659743309021, 0.17876924574375153, 0.48952776193618774, -0.2493996024131775], [0.0, 0.0, 0.0, 1.0]]"
"[[0.9931021332279589, 0.012819641524930545, 0.11654972986042118, -0.009541265223468052], [-0.019969692198554923, 0.9979751706055874, 0.06038846442507668, 1.1229409371994725], [-0.11553958102405455, -0.062299374546538215, 0.9913472533777671, -0.06609685930461698], [0.0, 0.0, 0.0, 1.0]]","[[0.6621734499931335, -0.7278962731361389, -0.17802612483501434, -0.2519007921218872], [0.2967173159122467, 0.4728471338748932, -0.829683244228363, 0.8878519535064697], [0.6881025433540344, 0.49657076597213745, 0.5290862917900085, -0.20725390315055847], [0.0, 0.0, 0.0, 1.0]]","[[0.22631746530532837, 0.9707568883895874, 0.08006899803876877, 0.1403062790632248], [-0.48330360651016235, 0.18328312039375305, -0.8560516834259033, 0.8669263124465942], [-0.8456935882568359, 0.1550416499376297, 0.5106507539749146, -0.25044289231300354], [0.0, 0.0, 0.0, 1.0]]"
"[[0.9938190576490601, 0.013543498065246436, 0.11018300546959733, -0.009014034269647624], [-0.01924434554211969, 0.9985212684028493, 0.05084200998623435, 1.1239262463399224], [-0.10933149860545308, -0.05264815637986596, 0.9926100971883385, -0.06589767485912754], [0.0, 0.0, 0.0, 1.0]]","[[0.6528169512748718, -0.7360020279884338, -0.17925111949443817, -0.25114738941192627], [0.29119646549224854, 0.46227049827575684, -0.8375622034072876, 0.885758638381958], [0.6993100643157959, 0.49457743763923645, 0.5160992741584778, -0.20905129611492157], [0.0, 0.0, 0.0, 1.0]]","[[0.2988961637020111, 0.9508942365646362, 0.08038075268268585, 0.1464909464120865], [-0.48056381940841675, 0.2227560430765152, -0.8481969237327576, 0.8692361116409302], [-0.8244509100914001, 0.21489465236663818, 0.5235463976860046, -0.2527516782283783], [0.0, 0.0, 0.0, 1.0]]"
"[[0.9944521785245429, 0.013624455328126454, 0.10430333054373553, -0.008495012867417438], [-0.01807487149254514, 0.99896073341237, 0.0418423899716106, 1.1247344766381075], [-0.10362485015084458, -0.04349552828014225, 0.9936649202871368, -0.0655835457601401], [0.0, 0.0, 0.0, 1.0]]","[[0.6466289758682251, -0.7416072487831116, -0.1785767674446106, -0.2491445690393448], [0.26670753955841064, 0.43913474678993225, -0.8579206466674805, 0.8831316828727722], [0.7146593928337097, 0.5071285367012024, 0.4817494750022888, -0.2110346406698227], [0.0, 0.0, 0.0, 1.0]]","[[0.3413606584072113, 0.9352648258209229, 0.09355295449495316, 0.1538330465555191], [-0.46728718280792236, 0.25522491335868835, -0.8464646339416504, 0.8696174621582031], [-0.815545916557312, 0.245233416557312, 0.5241613388061523, -0.25773003697395325], [0.0, 0.0, 0.0, 1.0]]"
"[[0.9950293903624923, 0.013128206332689444, 0.09871227056736767, -0.007837916659461907], [-0.016529694000715106, 0.9992946386523236, 0.03372009158763744, 1.1255430208192196], [-0.0981999510431787, -0.0351841667231574, 0.9945445651534222, -0.06523153160609621], [0.0, 0.0, 0.0, 1.0]]","[[0.6306782960891724, -0.756890594959259, -0.171351820230484, -0.24751920998096466], [0.26509079337120056, 0.4176376760005951, -0.8690831661224365, 0.8815939426422119], [0.7293638586997986, 0.5026881098747253, 0.46403977274894714, -0.21228845417499542], [0.0, 0.0, 0.0, 1.0]]","[[0.29382041096687317, 0.9519471526145935, 0.08640675991773605, 0.15760371088981628], [-0.5291945338249207, 0.23728126287460327, -0.8146476149559021, 0.8701106309890747], [-0.7960041761398315, 0.19363409280776978, 0.5734833478927612, -0.25863415002822876], [0.0, 0.0, 0.0, 1.0]]"
"[[0.9956073165690886, 0.011715126809356973, 0.0928911722923758, -0.006986764253924406], [-0.014265220026792745, 0.999538063983016, 0.02683616941626359, 1.1263315785211967], [-0.0925338708137033, -0.02804340096358966, 0.9953145384244617, -0.0645324596910234], [0.0, 0.0, 0.0, 1.0]]","[[0.6149029731750488, -0.7707787156105042, -0.16671687364578247, -0.2453097105026245], [0.2721778452396393, 0.4058476686477661, -0.8724716901779175, 0.8796113133430481], [0.7401442527770996, 0.49110883474349976, 0.45934584736824036, -0.21387839317321777], [0.0, 0.0, 0.0, 1.0]]","[[0.15014319121837616, 0.9857691526412964, 0.07560312747955322, 0.16030170023441315], [-0.6249181628227234, 0.15388183295726776, -0.765373945236206, 0.8697158098220825], [-0.7661161422729492, 0.06766976416110992, 0.639129638671875, -0.25821030139923096], [0.0, 0.0, 0.0, 1.0]]"
"[[0.9960217477204661, 0.009991773397688586, 0.08854879587211142, -0.006209146289231223], [-0.012318771338994783, 0.9995919466205241, 0.02577186259038412, 1.126443498802604], [-0.08825515807352532, -0.026760147190022836, 0.9957383869579643, -0.06319986138932698], [0.0, 0.0, 0.0, 1.0]]","[[0.6049190163612366, -0.7781870365142822, -0.16881364583969116, -0.24352186918258667], [0.27309325337409973, 0.40188950300216675, -0.8740165829658508, 0.8786214590072632], [0.747992753982544, 0.4826074242591858, 0.4556281566619873, -0.2149185836315155], [0.0, 0.0, 0.0, 1.0]]","[[-0.3653326630592346, 0.9221948385238647, 0.12684087455272675, 0.16230584681034088], [-0.7584066390991211, -0.2158585637807846, -0.6149994730949402, 0.8709810972213745], [-0.5397696495056152, -0.3208763897418976, 0.7782589793205261, -0.2570377588272095], [0.0, 0.0, 0.0, 1.0]]"
"[[0.9963358047085834, 0.008859953285051441, 0.08506766991012477, -0.005610447602364537], [-0.011020125447915925, 0.9996277689959397, 0.02495765895043466, 1.1263595390387098], [-0.08481488092548477, -0.025803664471758896, 0.9960625765222738, -0.06223879423460432], [0.0, 0.0, 0.0, 1.0]]","[[0.6015956997871399, -0.7809357047080994, -0.16799421608448029, -0.2413744181394577], [0.27195581793785095, 0.3979800343513489, -0.8761575222015381, 0.8777047991752625], [0.7510809898376465, 0.4814055860042572, 0.4518030881881714, -0.21582262217998505], [0.0, 0.0, 0.0, 1.0]]","[[-0.7132963538169861, 0.6268728971481323, 0.31343042850494385, 0.1511954814195633], [-0.6982144117355347, -0.5967450737953186, -0.395464152097702, 0.8682853579521179], [-0.06086769327521324, -0.5009247660636902, 0.8633478283882141, -0.25684356689453125], [0.0, 0.0, 0.0, 1.0]]"
