Head Pose,Left Arm Pose,Right Arm Pose
"[[0.0, 0.0, 0.0, 0.0], [0.0, 0.0, 0.0, 0.0], [0.0, 0.0, 0.0, 0.0], [0.0, 0.0, 0.0, 0.0]]","[[0.0, 0.0, 0.0, 0.0], [0.0, 0.0, 0.0, 0.0], [0.0, 0.0, 0.0, 0.0], [0.0, 0.0, 0.0, 0.0]]","[[0.0, 0.0, 0.0, 0.0], [0.0, 0.0, 0.0, 0.0], [0.0, 0.0, 0.0, 0.0], [0.0, 0.0, 0.0, 0.0]]"
"[[0.847998304005088, 0.32982091628272336, -0.41486990682251124, -0.5000000000000001], [2.7755575615628914e-17, 0.7827749746443304, 0.6223048602337666, 0.7499999999999999], [0.5299989400031799, -0.5277134660523575, 0.663791850916018, 0.8000000000000002], [0.0, 0.0, 0.0, 1.0]]","[[0.0, 0.0, 0.0, 0.0], [0.0, 0.0, 0.0, 0.0], [0.0, 0.0, 0.0, 0.0], [0.0, 0.0, 0.0, 0.0]]","[[0.0, 0.0, 0.0, 0.0], [0.0, 0.0, 0.0, 0.0], [0.0, 0.0, 0.0, 0.0], [0.0, 0.0, 0.0, 0.0]]"
"[[0.847998304005088, 0.32982091628272336, -0.4148699068225112, -0.5000000000000001], [0.0, 0.7827749746443304, 0.6223048602337666, 0.7499999999999999], [0.5299989400031799, -0.5277134660523575, 0.663791850916018, 0.8000000000000002], [0.0, 0.0, 0.0, 1.0]]","[[0.0, 0.0, 0.0, 0.0], [0.0, 0.0, 0.0, 0.0], [0.0, 0.0, 0.0, 0.0], [0.0, 0.0, 0.0, 0.0]]","[[0.0, 0.0, 0.0, 0.0], [0.0, 0.0, 0.0, 0.0], [0.0, 0.0, 0.0, 0.0], [0.0, 0.0, 0.0, 0.0]]"
"[[1.0, 0.0, 0.0, 0.0], [0.0, 1.0, 0.0, 0.0], [0.0, 0.0, 1.0, 0.0], [0.0, 0.0, 0.0, 1.0]]","[[0.0, 0.0, 0.0, 0.0], [0.0, 0.0, 0.0, 0.0], [0.0, 0.0, 0.0, 0.0], [0.0, 0.0, 0.0, 0.0]]","[[0.0, 0.0, 0.0, 0.0], [0.0, 0.0, 0.0, 0.0], [0.0, 0.0, 0.0, 0.0], [0.0, 0.0, 0.0, 0.0]]"
"[[0.9999999403953558, -0.00031089788984090525, -0.00020075226609637164, 0.0010242473110177216], [0.0003064017174155221, 0.9997574686904857, -0.022021108787816383, -0.025847263024644455], [0.00020754989702678162, 0.022021046358782444, 0.9997574687103317, -0.01674606556511106], [0.0, 0.0, 0.0, 1.0]]","[[0.0, 0.0, 0.0, 0.0], [0.0, 0.0, 0.0, 0.0], [0.0, 0.0, 0.0, 0.0], [0.0, 0.0, 0.0, 0.0]]","[[0.0, 0.0, 0.0, 0.0], [0.0, 0.0, 0.0, 0.0], [0.0, 0.0, 0.0, 0.0], [0.0, 0.0, 0.0, 0.0]]"
"[[0.9528731734017639, -0.011035967161102288, -0.30316818677709967, -0.106553882469452], [-0.03813502984975106, 0.9870536327960161, -0.15579120829478166, 1.2236411141821033], [0.30096255815698275, 0.1600105910025512, 0.9401160448753274, 0.2129691825006611], [0.0, 0.0, 0.0, 1.0]]","[[0.0, 0.0, 0.0, 0.0], [0.0, 0.0, 0.0, 0.0], [0.0, 0.0, 0.0, 0.0], [0.0, 0.0, 0.0, 0.0]]","[[0.0, 0.0, 0.0, 0.0], [0.0, 0.0, 0.0, 0.0], [0.0, 0.0, 0.0, 0.0], [0.0, 0.0, 0.0, 0.0]]"
"[[0.9993085861303252, 0.037120029565187486, -0.002097243399362103, -0.0007389716468548445], [-0.03699519834270857, 0.9871733787252895, -0.15530628135398852, 1.1003275900532266], [-0.0036946308827055917, 0.15527649054332757, 0.9878641364300105, -0.02184073742358515], [0.0, 0.0, 0.0, 1.0]]","[[0.5323370099067688, -0.7319837212562561, -0.42522570490837097, -0.30746880173683167], [0.2601313889026642, 0.6194576621055603, -0.7406778335571289, 0.9428919553756714], [0.8055735230445862, 0.28367558121681213, 0.5201722979545593, 0.008124052546918392], [0.0, 0.0, 0.0, 1.0]]","[[0.7848517894744873, 0.6181912422180176, -0.042979151010513306, 0.13717778027057648], [-0.2514905631542206, 0.254366934299469, -0.9338359832763672, 0.9262155294418335], [-0.5663568377494812, 0.743731677532196, 0.35510966181755066, 0.10854183882474899], [0.0, 0.0, 0.0, 1.0]]"
"[[0.9993233681146964, 0.036771455036425225, -0.0008244048957179134, -0.0009100996146298422], [-0.03645091019389665, 0.9871196145796027, -0.15577622958579318, 1.1003218714395522], [-0.004914332371151703, 0.15570088020405518, 0.9877920155324906, -0.0219918550757844], [0.0, 0.0, 0.0, 1.0]]","[[0.7521429657936096, -0.6134361624717712, -0.24078412353992462, -0.2550646662712097], [0.2651786804199219, 0.6162241101264954, -0.7415848970413208, 0.8198375701904297], [0.6032919883728027, 0.4939270317554474, 0.6261588335037231, -0.15574124455451965], [0.0, 0.0, 0.0, 1.0]]","[[0.577042818069458, 0.8138229846954346, 0.06865569204092026, 0.19988848268985748], [-0.24709247052669525, 0.25408709049224854, -0.9350855350494385, 0.8029875755310059], [-0.7784386873245239, 0.5226200819015503, 0.34770870208740234, -0.195344477891922], [0.0, 0.0, 0.0, 1.0]]"
"[[0.9993233681146964, 0.036771455036425225, -0.0008244048957179134, -0.0009100996146298422], [-0.03645091019389665, 0.9871196145796027, -0.15577622958579318, 1.1003218714395522], [-0.004914332371151703, 0.15570088020405518, 0.9877920155324906, -0.0219918550757844], [0.0, 0.0, 0.0, 1.0]]","[[0.7506381869316101, -0.6167064309120178, -0.2370978593826294, -0.25715625286102295], [0.26678672432899475, 0.6112056374549866, -0.7451526522636414, 0.8194855451583862], [0.6044560074806213, 0.4960854649543762, 0.623323380947113, -0.15632174909114838], [0.0, 0.0, 0.0, 1.0]]","[[0.577042818069458, 0.8138229846954346, 0.06865569204092026, 0.19988848268985748], [-0.24709247052669525, 0.25408709049224854, -0.9350855350494385, 0.8029875755310059], [-0.7784386873245239, 0.5226200819015503, 0.34770870208740234, -0.195344477891922], [0.0, 0.0, 0.0, 1.0]]"
"[[0.9993233681146964, 0.036771455036425225, -0.0008244048957179134, -0.0009100996146298422], [-0.03645091019389665, 0.9871196145796027, -0.15577622958579318, 1.1003218714395522], [-0.004914332371151703, 0.15570088020405518, 0.9877920155324906, -0.0219918550757844], [0.0, 0.0, 0.0, 1.0]]","[[0.7506381869316101, -0.6167064309120178, -0.2370978593826294, -0.25715625286102295], [0.26678672432899475, 0.6112056374549866, -0.7451526522636414, 0.8194855451583862], [0.6044560074806213, 0.4960854649543762, 0.623323380947113, -0.15632174909114838], [0.0, 0.0, 0.0, 1.0]]","[[0.5785037875175476, 0.8125776052474976, 0.07106906175613403, 0.19997482001781464], [-0.2445274442434311, 0.2558880150318146, -0.9352685213088989, 0.8032326698303223], [-0.7781641483306885, 0.5236779451370239, 0.3467298448085785, -0.19553151726722717], [0.0, 0.0, 0.0, 1.0]]"
"[[0.9993269442870581, 0.03668278653568851, -0.00011466805666681621, -0.0009906477751897463], [-0.036253763247064495, 0.9871528739973555, -0.15561115400651443, 1.1003008153314633], [-0.005595056010533557, 0.15551057799002183, 0.9878183608659574, -0.02203223043092703], [0.0, 0.0, 0.0, 1.0]]","[[0.7506381869316101, -0.6167064309120178, -0.2370978593826294, -0.25715625286102295], [0.26678672432899475, 0.6112056374549866, -0.7451526522636414, 0.8194855451583862], [0.6044560074806213, 0.4960854649543762, 0.623323380947113, -0.15632174909114838], [0.0, 0.0, 0.0, 1.0]]","[[0.5785037875175476, 0.8125776052474976, 0.07106906175613403, 0.19997482001781464], [-0.2445274442434311, 0.2558880150318146, -0.9352685213088989, 0.8032326698303223], [-0.7781641483306885, 0.5236779451370239, 0.3467298448085785, -0.19553151726722717], [0.0, 0.0, 0.0, 1.0]]"
"[[0.9993292093672371, 0.03661818910159935, 0.0004978882305113243, -0.0011031739953818874], [-0.03609580811343322, 0.9871865514625471, -0.15543423852679142, 1.1002574808226588], [-0.006183228824029341, 0.1553119991088213, 0.9878461356845658, -0.022039394162962737], [0.0, 0.0, 0.0, 1.0]]","[[0.7506381869316101, -0.6167064309120178, -0.2370978593826294, -0.25715625286102295], [0.26678672432899475, 0.6112056374549866, -0.7451526522636414, 0.8194855451583862], [0.6044560074806213, 0.4960854649543762, 0.623323380947113, -0.15632174909114838], [0.0, 0.0, 0.0, 1.0]]","[[0.5785037875175476, 0.8125776052474976, 0.07106906175613403, 0.19997482001781464], [-0.2445274442434311, 0.2558880150318146, -0.9352685213088989, 0.8032326698303223], [-0.7781641483306885, 0.5236779451370239, 0.3467298448085785, -0.19553151726722717], [0.0, 0.0, 0.0, 1.0]]"
"[[0.9993292093672371, 0.03661818910159935, 0.0004978882305113243, -0.0011031739953818874], [-0.03609580811343322, 0.9871865514625471, -0.15543423852679142, 1.1002574808226588], [-0.006183228824029341, 0.1553119991088213, 0.9878461356845658, -0.022039394162962737], [0.0, 0.0, 0.0, 1.0]]","[[0.7491086721420288, -0.6173877716064453, -0.2401425987482071, -0.25827381014823914], [0.26125842332839966, 0.6084665060043335, -0.7493413686752319, 0.8191192746162415], [0.608752965927124, 0.4985988140106201, 0.6171053051948547, -0.15669777989387512], [0.0, 0.0, 0.0, 1.0]]","[[0.5785037875175476, 0.8125776052474976, 0.07106906175613403, 0.19997482001781464], [-0.2445274442434311, 0.2558880150318146, -0.9352685213088989, 0.8032326698303223], [-0.7781641483306885, 0.5236779451370239, 0.3467298448085785, -0.19553151726722717], [0.0, 0.0, 0.0, 1.0]]"
"[[0.9993292093672371, 0.03661818910159935, 0.0004978882305113243, -0.0011031739953818874], [-0.03609580811343322, 0.9871865514625471, -0.15543423852679142, 1.1002574808226588], [-0.006183228824029341, 0.1553119991088213, 0.9878461356845658, -0.022039394162962737], [0.0, 0.0, 0.0, 1.0]]","[[0.7529804110527039, -0.6137772798538208, -0.23727187514305115, -0.25822585821151733], [0.25658223032951355, 0.6058826446533203, -0.753041684627533, 0.8194025754928589], [0.6059588193893433, 0.5061458945274353, 0.613702118396759, -0.15665088593959808], [0.0, 0.0, 0.0, 1.0]]","[[0.5816752314567566, 0.8103387951850891, 0.07074553519487381, 0.20013809204101562], [-0.2449132800102234, 0.25741010904312134, -0.934749960899353, 0.8031039834022522], [-0.7756748199462891, 0.5263943076133728, 0.3481918275356293, -0.19584675133228302], [0.0, 0.0, 0.0, 1.0]]"
"[[0.9993526935887391, 0.03594746899669926, 0.0014214047185536255, -0.001207081803146163], [-0.035290355860535694, 0.9872277364344318, -0.15535775402658886, 1.1002416835648745], [-0.006987968394400571, 0.15520703216916656, 0.9878572239951229, -0.022121427617038763], [0.0, 0.0, 0.0, 1.0]]","[[0.7529804110527039, -0.6137772798538208, -0.23727187514305115, -0.25822585821151733], [0.25658223032951355, 0.6058826446533203, -0.753041684627533, 0.8194025754928589], [0.6059588193893433, 0.5061458945274353, 0.613702118396759, -0.15665088593959808], [0.0, 0.0, 0.0, 1.0]]","[[0.5816752314567566, 0.8103387951850891, 0.07074553519487381, 0.20013809204101562], [-0.2449132800102234, 0.25741010904312134, -0.934749960899353, 0.8031039834022522], [-0.7756748199462891, 0.5263943076133728, 0.3481918275356293, -0.19584675133228302], [0.0, 0.0, 0.0, 1.0]]"
"[[0.9993526935887391, 0.03594746899669926, 0.0014214047185536255, -0.001207081803146163], [-0.035290355860535694, 0.9872277364344318, -0.15535775402658886, 1.1002416835648745], [-0.006987968394400571, 0.15520703216916656, 0.9878572239951229, -0.022121427617038763], [0.0, 0.0, 0.0, 1.0]]","[[0.7570717334747314, -0.609010636806488, -0.23653414845466614, -0.258276104927063], [0.2562413215637207, 0.6098206639289856, -0.7499727606773376, 0.8199842572212219], [0.6009848117828369, 0.5071733593940735, 0.6177316904067993, -0.15639469027519226], [0.0, 0.0, 0.0, 1.0]]","[[0.5816752314567566, 0.8103387951850891, 0.07074553519487381, 0.20013809204101562], [-0.2449132800102234, 0.25741010904312134, -0.934749960899353, 0.8031039834022522], [-0.7756748199462891, 0.5263943076133728, 0.3481918275356293, -0.19584675133228302], [0.0, 0.0, 0.0, 1.0]]"
"[[0.9993526935887391, 0.03594746899669926, 0.0014214047185536255, -0.001207081803146163], [-0.035290355860535694, 0.9872277364344318, -0.15535775402658886, 1.1002416835648745], [-0.006987968394400571, 0.15520703216916656, 0.9878572239951229, -0.022121427617038763], [0.0, 0.0, 0.0, 1.0]]","[[0.7570717334747314, -0.609010636806488, -0.23653414845466614, -0.258276104927063], [0.2562413215637207, 0.6098206639289856, -0.7499727606773376, 0.8199842572212219], [0.6009848117828369, 0.5071733593940735, 0.6177316904067993, -0.15639469027519226], [0.0, 0.0, 0.0, 1.0]]","[[0.5881150364875793, 0.8055697679519653, 0.0719584971666336, 0.20011429488658905], [-0.2486494779586792, 0.2647551894187927, -0.9317070841789246, 0.8033978939056396], [-0.7696064710617065, 0.5300585031509399, 0.3560110330581665, -0.19562190771102905], [0.0, 0.0, 0.0, 1.0]]"
"[[0.999372184260422, 0.03538837239175489, 0.001692844231452522, -0.0011882086193943835], [-0.03469923555821725, 0.9873206620311864, -0.15489943625635388, 1.1001249986402886], [-0.007153018933881339, 0.15474344489866027, 0.9879288072650407, -0.02221885015918154], [0.0, 0.0, 0.0, 1.0]]","[[0.7570717334747314, -0.609010636806488, -0.23653414845466614, -0.258276104927063], [0.2562413215637207, 0.6098206639289856, -0.7499727606773376, 0.8199842572212219], [0.6009848117828369, 0.5071733593940735, 0.6177316904067993, -0.15639469027519226], [0.0, 0.0, 0.0, 1.0]]","[[0.5881150364875793, 0.8055697679519653, 0.0719584971666336, 0.20011429488658905], [-0.2486494779586792, 0.2647551894187927, -0.9317070841789246, 0.8033978939056396], [-0.7696064710617065, 0.5300585031509399, 0.3560110330581665, -0.19562190771102905], [0.0, 0.0, 0.0, 1.0]]"
"[[0.9993848204524571, 0.03504588056242868, 0.0013304308825126884, -0.0010414770049967826], [-0.034418981784220495, 0.9873769878310152, -0.15460276531853892, 1.1001264382204607], [-0.006731826781765461, 0.15446186137518667, 0.9879758359125547, -0.02233282110555214], [0.0, 0.0, 0.0, 1.0]]","[[0.7571299076080322, -0.6075757145881653, -0.24001267552375793, -0.25840890407562256], [0.25486570596694946, 0.6130188703536987, -0.7478311657905579, 0.8202966451644897], [0.6014963388442993, 0.505034327507019, 0.618985116481781, -0.156667098402977], [0.0, 0.0, 0.0, 1.0]]","[[0.5896469950675964, 0.8046161532402039, 0.07006610184907913, 0.20022465288639069], [-0.24382294714450836, 0.26004043221473694, -0.9343068599700928, 0.8030465841293335], [-0.769978404045105, 0.5338274836540222, 0.34951597452163696, -0.1963925063610077], [0.0, 0.0, 0.0, 1.0]]"
"[[0.9993720054611999, 0.035414460948851846, 0.0011851704353283941, -0.000991867089326595], [-0.034804061152788855, 0.9873283510089086, -0.15482704635932112, 1.1000965864380299], [-0.0066532685281891595, 0.1546885639779363, 0.9879409070164125, -0.022398812319567175], [0.0, 0.0, 0.0, 1.0]]","[[0.7571299076080322, -0.6075757145881653, -0.24001267552375793, -0.25840890407562256], [0.25486570596694946, 0.6130188703536987, -0.7478311657905579, 0.8202966451644897], [0.6014963388442993, 0.505034327507019, 0.618985116481781, -0.156667098402977], [0.0, 0.0, 0.0, 1.0]]","[[0.5896469950675964, 0.8046161532402039, 0.07006610184907913, 0.20022465288639069], [-0.24382294714450836, 0.26004043221473694, -0.9343068599700928, 0.8030465841293335], [-0.769978404045105, 0.5338274836540222, 0.34951597452163696, -0.1963925063610077], [0.0, 0.0, 0.0, 1.0]]"
"[[0.9993720054611999, 0.035414460948851846, 0.0011851704353283941, -0.000991867089326595], [-0.034804061152788855, 0.9873283510089086, -0.15482704635932112, 1.1000965864380299], [-0.0066532685281891595, 0.1546885639779363, 0.9879409070164125, -0.022398812319567175], [0.0, 0.0, 0.0, 1.0]]","[[0.754254162311554, -0.6126318573951721, -0.23618388175964355, -0.2584608793258667], [0.26254165172576904, 0.6111162304878235, -0.7467320561408997, 0.8198798894882202], [0.6018076539039612, 0.5012176036834717, 0.6217783689498901, -0.15674299001693726], [0.0, 0.0, 0.0, 1.0]]","[[0.5896469950675964, 0.8046161532402039, 0.07006610184907913, 0.20022465288639069], [-0.24382294714450836, 0.26004043221473694, -0.9343068599700928, 0.8030465841293335], [-0.769978404045105, 0.5338274836540222, 0.34951597452163696, -0.1963925063610077], [0.0, 0.0, 0.0, 1.0]]"
"[[0.9993720054611999, 0.035414460948851846, 0.0011851704353283941, -0.000991867089326595], [-0.034804061152788855, 0.9873283510089086, -0.15482704635932112, 1.1000965864380299], [-0.0066532685281891595, 0.1546885639779363, 0.9879409070164125, -0.022398812319567175], [0.0, 0.0, 0.0, 1.0]]","[[0.754254162311554, -0.6126318573951721, -0.23618388175964355, -0.2584608793258667], [0.26254165172576904, 0.6111162304878235, -0.7467320561408997, 0.8198798894882202], [0.6018076539039612, 0.5012176036834717, 0.6217783689498901, -0.15674299001693726], [0.0, 0.0, 0.0, 1.0]]","[[0.585523784160614, 0.8077560067176819, 0.06849883496761322, 0.20004217326641083], [-0.25068503618240356, 0.2607748210430145, -0.9322839975357056, 0.8030533194541931], [-0.7709208130836487, 0.5287028551101685, 0.3551822006702423, -0.19621329009532928], [0.0, 0.0, 0.0, 1.0]]"
"[[0.9993688464236086, 0.03550898300539539, 0.0010099532858890109, -0.0009165288832178299], [-0.03492860106695605, 0.9874205592328269, -0.15420966048657903, 1.1000779598439225], [-0.00647307680142554, 0.15407705108702177, 0.9880376455070947, -0.022437586699479366], [0.0, 0.0, 0.0, 1.0]]","[[0.754254162311554, -0.6126318573951721, -0.23618388175964355, -0.2584608793258667], [0.26254165172576904, 0.6111162304878235, -0.7467320561408997, 0.8198798894882202], [0.6018076539039612, 0.5012176036834717, 0.6217783689498901, -0.15674299001693726], [0.0, 0.0, 0.0, 1.0]]","[[0.585523784160614, 0.8077560067176819, 0.06849883496761322, 0.20004217326641083], [-0.25068503618240356, 0.2607748210430145, -0.9322839975357056, 0.8030533194541931], [-0.7709208130836487, 0.5287028551101685, 0.3551822006702423, -0.19621329009532928], [0.0, 0.0, 0.0, 1.0]]"
"[[0.9993654489929193, 0.035599005623326276, 0.0011755023592024583, -0.0008182339294501842], [-0.03499769677354344, 0.9875493640081169, -0.15336711371286996, 1.1000296442877457], [-0.006620582964004626, 0.15322865879193664, 0.9881685977387004, -0.022483913873280744], [0.0, 0.0, 0.0, 1.0]]","[[0.754254162311554, -0.6126318573951721, -0.23618388175964355, -0.2584608793258667], [0.26254165172576904, 0.6111162304878235, -0.7467320561408997, 0.8198798894882202], [0.6018076539039612, 0.5012176036834717, 0.6217783689498901, -0.15674299001693726], [0.0, 0.0, 0.0, 1.0]]","[[0.585523784160614, 0.8077560067176819, 0.06849883496761322, 0.20004217326641083], [-0.25068503618240356, 0.2607748210430145, -0.9322839975357056, 0.8030533194541931], [-0.7709208130836487, 0.5287028551101685, 0.3551822006702423, -0.19621329009532928], [0.0, 0.0, 0.0, 1.0]]"
"[[0.9993505477825193, 0.03601314476222474, 0.001251290496358818, -0.0006653536100086977], [-0.035403460501723716, 0.9877193568513096, -0.15217439719174478, 1.0999338875354976], [-0.006716202418399804, 0.15203125885989097, 0.988352894954044, -0.022563255947709197], [0.0, 0.0, 0.0, 1.0]]","[[0.7539748549461365, -0.6150128245353699, -0.23082683980464935, -0.25806477665901184], [0.2722935974597931, 0.6123781800270081, -0.7421920299530029, 0.8199455142021179], [0.5978109836578369, 0.4967414438724518, 0.6291818618774414, -0.15641368925571442], [0.0, 0.0, 0.0, 1.0]]","[[0.5845769643783569, 0.8084002137184143, 0.06898271292448044, 0.20010270178318024], [-0.25138989090919495, 0.2613122761249542, -0.931943416595459, 0.8030238151550293], [-0.7714095115661621, 0.5274509787559509, 0.35598093271255493, -0.1962599754333496], [0.0, 0.0, 0.0, 1.0]]"
"[[0.9993089437167688, 0.03714994997819449, 0.0012197609479242498, -0.000493435510946724], [-0.0365361058608672, 0.9877731206597399, -0.15155658271502911, 1.0998283565684626], [-0.006835166276369101, 0.15140728506851736, 0.9884478447587495, -0.02263114769088111], [0.0, 0.0, 0.0, 1.0]]","[[0.75356125831604, -0.6158615350723267, -0.22991296648979187, -0.2580028176307678], [0.2746293842792511, 0.6126903295516968, -0.7410730123519897, 0.8197498917579651], [0.5972638130187988, 0.49530306458473206, 0.6308333873748779, -0.15643393993377686], [0.0, 0.0, 0.0, 1.0]]","[[0.5807304978370667, 0.8112534880638123, 0.0679682269692421, 0.20005162060260773], [-0.2543199062347412, 0.26009517908096313, -0.9314888715744019, 0.8029731512069702], [-0.7733519673347473, 0.5236582159996033, 0.357363224029541, -0.19622701406478882], [0.0, 0.0, 0.0, 1.0]]"
"[[0.9993089437167688, 0.03714994997819449, 0.0012197609479242498, -0.000493435510946724], [-0.0365361058608672, 0.9877731206597399, -0.15155658271502911, 1.0998283565684626], [-0.006835166276369101, 0.15140728506851736, 0.9884478447587495, -0.02263114769088111], [0.0, 0.0, 0.0, 1.0]]","[[0.7527967691421509, -0.615919828414917, -0.23224954307079315, -0.25784945487976074], [0.2735268473625183, 0.6136191487312317, -0.7407122850418091, 0.8198205828666687], [0.5987321138381958, 0.4940793514251709, 0.630401074886322, -0.15646280348300934], [0.0, 0.0, 0.0, 1.0]]","[[0.5807304978370667, 0.8112534880638123, 0.0679682269692421, 0.20005162060260773], [-0.2543199062347412, 0.26009517908096313, -0.9314888715744019, 0.8029731512069702], [-0.7733519673347473, 0.5236582159996033, 0.357363224029541, -0.19622701406478882], [0.0, 0.0, 0.0, 1.0]]"
"[[0.9993089437167688, 0.03714994997819449, 0.0012197609479242498, -0.000493435510946724], [-0.0365361058608672, 0.9877731206597399, -0.15155658271502911, 1.0998283565684626], [-0.006835166276369101, 0.15140728506851736, 0.9884478447587495, -0.02263114769088111], [0.0, 0.0, 0.0, 1.0]]","[[0.7527967691421509, -0.615919828414917, -0.23224954307079315, -0.25784945487976074], [0.2735268473625183, 0.6136191487312317, -0.7407122850418091, 0.8198205828666687], [0.5987321138381958, 0.4940793514251709, 0.630401074886322, -0.15646280348300934], [0.0, 0.0, 0.0, 1.0]]","[[0.5784573554992676, 0.8126102089881897, 0.07107558846473694, 0.20021037757396698], [-0.2539783716201782, 0.26222413778305054, -0.930985152721405, 0.8027875423431396], [-0.7751657962799072, 0.5204834938049316, 0.35807090997695923, -0.19622988998889923], [0.0, 0.0, 0.0, 1.0]]"
"[[0.9992893934199639, 0.03767231094547682, 0.001220206658030532, -0.00030953238840501144], [-0.03705976170590944, 0.9879156354574243, -0.15049678313158407, 1.0997441036810922], [-0.006875022852187371, 0.15034462285615538, 0.9886097308535217, -0.02271065686912609], [0.0, 0.0, 0.0, 1.0]]","[[0.7527967691421509, -0.615919828414917, -0.23224954307079315, -0.25784945487976074], [0.2735268473625183, 0.6136191487312317, -0.7407122850418091, 0.8198205828666687], [0.5987321138381958, 0.4940793514251709, 0.630401074886322, -0.15646280348300934], [0.0, 0.0, 0.0, 1.0]]","[[0.5784573554992676, 0.8126102089881897, 0.07107558846473694, 0.20021037757396698], [-0.2539783716201782, 0.26222413778305054, -0.930985152721405, 0.8027875423431396], [-0.7751657962799072, 0.5204834938049316, 0.35807090997695923, -0.19622988998889923], [0.0, 0.0, 0.0, 1.0]]"
"[[0.9992893934199639, 0.03767231094547682, 0.001220206658030532, -0.00030953238840501144], [-0.03705976170590944, 0.9879156354574243, -0.15049678313158407, 1.0997441036810922], [-0.006875022852187371, 0.15034462285615538, 0.9886097308535217, -0.02271065686912609], [0.0, 0.0, 0.0, 1.0]]","[[0.7494964003562927, -0.6173534989356995, -0.23901842534542084, -0.2580263018608093], [0.2656921148300171, 0.6112105846405029, -0.7455396056175232, 0.8196321129798889], [0.6063520908355713, 0.4952739179134369, 0.6221261024475098, -0.1570948213338852], [0.0, 0.0, 0.0, 1.0]]","[[0.5784573554992676, 0.8126102089881897, 0.07107558846473694, 0.20021037757396698], [-0.2539783716201782, 0.26222413778305054, -0.930985152721405, 0.8027875423431396], [-0.7751657962799072, 0.5204834938049316, 0.35807090997695923, -0.19622988998889923], [0.0, 0.0, 0.0, 1.0]]"
"[[0.9992678761496406, 0.03824008255307648, 0.001175544712414868, -0.00014829551092302177], [-0.037636637696576374, 0.9880864619606486, -0.14922685881048275, 1.0996355033914618], [-0.0068679868488554984, 0.14907336275190283, 0.988802313864903, -0.022749205457355606], [0.0, 0.0, 0.0, 1.0]]","[[0.7531861066818237, -0.615655779838562, -0.2316865175962448, -0.2575956881046295], [0.27384111285209656, 0.6136950850486755, -0.740533173084259, 0.8198109269142151], [0.5980983972549438, 0.49431395530700684, 0.6308184862136841, -0.15665552020072937], [0.0, 0.0, 0.0, 1.0]]","[[0.5834205746650696, 0.8089185357093811, 0.0726025179028511, 0.20018664002418518], [-0.24889445304870605, 0.26316913962364197, -0.9320908188819885, 0.8025925159454346], [-0.7730923891067505, 0.525730550289154, 0.3548737168312073, -0.19629880785942078], [0.0, 0.0, 0.0, 1.0]]"
"[[0.9992722273030208, 0.0381240253017971, 0.0012473978923982945, -7.219101355235787e-05], [-0.03751589687003403, 0.9881929750460502, -0.14855017952900867, 1.0995992073975978], [-0.006896000901947264, 0.14839527316111586, 0.9889040593918152, -0.022763523032055696], [0.0, 0.0, 0.0, 1.0]]","[[0.7531861066818237, -0.615655779838562, -0.2316865175962448, -0.2575956881046295], [0.27384111285209656, 0.6136950850486755, -0.740533173084259, 0.8198109269142151], [0.5980983972549438, 0.49431395530700684, 0.6308184862136841, -0.15665552020072937], [0.0, 0.0, 0.0, 1.0]]","[[0.5834205746650696, 0.8089185357093811, 0.0726025179028511, 0.20018664002418518], [-0.24889445304870605, 0.26316913962364197, -0.9320908188819885, 0.8025925159454346], [-0.7730923891067505, 0.525730550289154, 0.3548737168312073, -0.19629880785942078], [0.0, 0.0, 0.0, 1.0]]"
"[[0.9992722273030208, 0.0381240253017971, 0.0012473978923982945, -7.219101355235787e-05], [-0.03751589687003403, 0.9881929750460502, -0.14855017952900867, 1.0995992073975978], [-0.006896000901947264, 0.14839527316111586, 0.9889040593918152, -0.022763523032055696], [0.0, 0.0, 0.0, 1.0]]","[[0.7552522420883179, -0.6150792837142944, -0.22643211483955383, -0.2576732933521271], [0.27768972516059875, 0.6132097840309143, -0.7395012974739075, 0.8194855451583862], [0.5937023162841797, 0.4956321716308594, 0.6339292526245117, -0.15672098100185394], [0.0, 0.0, 0.0, 1.0]]","[[0.5796957015991211, 0.8115900754928589, 0.07262418419122696, 0.20021753013134003], [-0.25790920853614807, 0.2672993242740631, -0.9284576177597046, 0.8025264739990234], [-0.7729395627975464, 0.5194923281669617, 0.3642689287662506, -0.19616103172302246], [0.0, 0.0, 0.0, 1.0]]"
"[[0.9992820620492154, 0.03785688045219186, 0.001492806262348622, 4.508903775470514e-05], [-0.037222471211397615, 0.9883542653040046, -0.14754786825533184, 1.099585460132267], [-0.007061123364593063, 0.14738637470845914, 0.9890537861916215, -0.022756931997226754], [0.0, 0.0, 0.0, 1.0]]","[[0.7552522420883179, -0.6150792837142944, -0.22643211483955383, -0.2576732933521271], [0.27768972516059875, 0.6132097840309143, -0.7395012974739075, 0.8194855451583862], [0.5937023162841797, 0.4956321716308594, 0.6339292526245117, -0.15672098100185394], [0.0, 0.0, 0.0, 1.0]]","[[0.5796957015991211, 0.8115900754928589, 0.07262418419122696, 0.20021753013134003], [-0.25790920853614807, 0.2672993242740631, -0.9284576177597046, 0.8025264739990234], [-0.7729395627975464, 0.5194923281669617, 0.3642689287662506, -0.19616103172302246], [0.0, 0.0, 0.0, 1.0]]"
"[[0.9992820620492154, 0.03785688045219186, 0.001492806262348622, 4.508903775470514e-05], [-0.037222471211397615, 0.9883542653040046, -0.14754786825533184, 1.099585460132267], [-0.007061123364593063, 0.14738637470845914, 0.9890537861916215, -0.022756931997226754], [0.0, 0.0, 0.0, 1.0]]","[[0.7513200044631958, -0.6194626688957214, -0.22756150364875793, -0.25768423080444336], [0.2821006178855896, 0.6131961345672607, -0.7378412485122681, 0.8191572427749634], [0.5966049432754517, 0.49015966057777405, 0.6354573369026184, -0.15697892010211945], [0.0, 0.0, 0.0, 1.0]]","[[0.5796957015991211, 0.8115900754928589, 0.07262418419122696, 0.20021753013134003], [-0.25790920853614807, 0.2672993242740631, -0.9284576177597046, 0.8025264739990234], [-0.7729395627975464, 0.5194923281669617, 0.3642689287662506, -0.19616103172302246], [0.0, 0.0, 0.0, 1.0]]"
"[[0.9992541670760039, 0.03858184060893284, 0.0015948470890965608, 0.00011757034535538188], [-0.037924423898837684, 0.9883267272891658, -0.14755345171428816, 1.0995554436607802], [-0.007269113885753205, 0.14738292211555373, 0.98905277358069, -0.02276512890714707], [0.0, 0.0, 0.0, 1.0]]","[[0.7503503561019897, -0.620263397693634, -0.2285774052143097, -0.2576885223388672], [0.2821871340274811, 0.6132484078407288, -0.7377647757530212, 0.819116473197937], [0.5977832078933716, 0.4890804886817932, 0.6351815462112427, -0.15718576312065125], [0.0, 0.0, 0.0, 1.0]]","[[0.5779814720153809, 0.8128185868263245, 0.07254757732152939, 0.20000271499156952], [-0.25174567103385925, 0.26216232776641846, -0.9316086769104004, 0.8020883798599243], [-0.7762482762336731, 0.5201888680458069, 0.3561486601829529, -0.1967247575521469], [0.0, 0.0, 0.0, 1.0]]"
"[[0.9992541670760039, 0.03858184060893284, 0.0015948470890965608, 0.00011757034535538188], [-0.037924423898837684, 0.9883267272891658, -0.14755345171428816, 1.0995554436607802], [-0.007269113885753205, 0.14738292211555373, 0.98905277358069, -0.02276512890714707], [0.0, 0.0, 0.0, 1.0]]","[[0.7500839829444885, -0.6202162504196167, -0.22957730293273926, -0.25797584652900696], [0.2811078429222107, 0.6132193803787231, -0.7382007241249084, 0.8188803195953369], [0.5986253619194031, 0.48917651176452637, 0.6343137621879578, -0.1576172411441803], [0.0, 0.0, 0.0, 1.0]]","[[0.5779814720153809, 0.8128185868263245, 0.07254757732152939, 0.20000271499156952], [-0.25174567103385925, 0.26216232776641846, -0.9316086769104004, 0.8020883798599243], [-0.7762482762336731, 0.5201888680458069, 0.3561486601829529, -0.1967247575521469], [0.0, 0.0, 0.0, 1.0]]"
"[[0.9992541670760039, 0.03858184060893284, 0.0015948470890965608, 0.00011757034535538188], [-0.037924423898837684, 0.9883267272891658, -0.14755345171428816, 1.0995554436607802], [-0.007269113885753205, 0.14738292211555373, 0.98905277358069, -0.02276512890714707], [0.0, 0.0, 0.0, 1.0]]","[[0.7500839829444885, -0.6202162504196167, -0.22957730293273926, -0.25797584652900696], [0.2811078429222107, 0.6132193803787231, -0.7382007241249084, 0.8188803195953369], [0.5986253619194031, 0.48917651176452637, 0.6343137621879578, -0.1576172411441803], [0.0, 0.0, 0.0, 1.0]]","[[0.5792678594589233, 0.8118736743927002, 0.07286829501390457, 0.19975832104682922], [-0.25291356444358826, 0.2639927864074707, -0.9307751059532166, 0.8024581074714661], [-0.7749086022377014, 0.5207386612892151, 0.3582564890384674, -0.1964295506477356], [0.0, 0.0, 0.0, 1.0]]"
"[[0.9992685914170871, 0.03808859026631194, 0.003402588161703908, 0.0003687036497015439], [-0.03718680479923408, 0.9886272546015084, -0.1457165158018582, 1.0995046793037657], [-0.00891402832319144, 0.1454834067597873, 0.9893205169342754, -0.0226429940794836], [0.0, 0.0, 0.0, 1.0]]","[[0.7500839829444885, -0.6202162504196167, -0.22957730293273926, -0.25797584652900696], [0.2811078429222107, 0.6132193803787231, -0.7382007241249084, 0.8188803195953369], [0.5986253619194031, 0.48917651176452637, 0.6343137621879578, -0.1576172411441803], [0.0, 0.0, 0.0, 1.0]]","[[0.5792678594589233, 0.8118736743927002, 0.07286829501390457, 0.19975832104682922], [-0.25291356444358826, 0.2639927864074707, -0.9307751059532166, 0.8024581074714661], [-0.7749086022377014, 0.5207386612892151, 0.3582564890384674, -0.1964295506477356], [0.0, 0.0, 0.0, 1.0]]"
"[[0.9992685914170871, 0.03808859026631194, 0.003402588161703908, 0.0003687036497015439], [-0.03718680479923408, 0.9886272546015084, -0.1457165158018582, 1.0995046793037657], [-0.00891402832319144, 0.1454834067597873, 0.9893205169342754, -0.0226429940794836], [0.0, 0.0, 0.0, 1.0]]","[[0.7450959086418152, -0.6235410571098328, -0.23670370876789093, -0.25860515236854553], [0.2746879756450653, 0.6102971434593201, -0.7430233955383301, 0.8181784152984619], [0.607765257358551, 0.48860400915145874, 0.6260091662406921, -0.1585884690284729], [0.0, 0.0, 0.0, 1.0]]","[[0.5837767720222473, 0.8080883026123047, 0.07872657477855682, 0.19948992133140564], [-0.24713848531246185, 0.2692215144634247, -0.9308286905288696, 0.8038750886917114], [-0.7733867764472961, 0.5239397287368774, 0.35687506198883057, -0.19563265144824982], [0.0, 0.0, 0.0, 1.0]]"
"[[0.9992685914170871, 0.03808859026631194, 0.003402588161703908, 0.0003687036497015439], [-0.03718680479923408, 0.9886272546015084, -0.1457165158018582, 1.0995046793037657], [-0.00891402832319144, 0.1454834067597873, 0.9893205169342754, -0.0226429940794836], [0.0, 0.0, 0.0, 1.0]]","[[0.7473623752593994, -0.6193773150444031, -0.24046042561531067, -0.25874704122543335], [0.266055703163147, 0.6106123924255371, -0.7458999752998352, 0.8176602125167847], [0.60882169008255, 0.49348169565200806, 0.6211376190185547, -0.15915630757808685], [0.0, 0.0, 0.0, 1.0]]","[[0.5837767720222473, 0.8080883026123047, 0.07872657477855682, 0.19948992133140564], [-0.24713848531246185, 0.2692215144634247, -0.9308286905288696, 0.8038750886917114], [-0.7733867764472961, 0.5239397287368774, 0.35687506198883057, -0.19563265144824982], [0.0, 0.0, 0.0, 1.0]]"
"[[0.9992685914170871, 0.03808859026631194, 0.003402588161703908, 0.0003687036497015439], [-0.03718680479923408, 0.9886272546015084, -0.1457165158018582, 1.0995046793037657], [-0.00891402832319144, 0.1454834067597873, 0.9893205169342754, -0.0226429940794836], [0.0, 0.0, 0.0, 1.0]]","[[0.7473623752593994, -0.6193773150444031, -0.24046042561531067, -0.25874704122543335], [0.266055703163147, 0.6106123924255371, -0.7458999752998352, 0.8176602125167847], [0.60882169008255, 0.49348169565200806, 0.6211376190185547, -0.15915630757808685], [0.0, 0.0, 0.0, 1.0]]","[[0.5813632011413574, 0.8101931810379028, 0.07485731691122055, 0.19911059737205505], [-0.2443757802248001, 0.2616252303123474, -0.9337196350097656, 0.8043989539146423], [-0.7760779857635498, 0.5245367884635925, 0.35009101033210754, -0.1957935392856598], [0.0, 0.0, 0.0, 1.0]]"
"[[0.9992685914170871, 0.03808859026631194, 0.003402588161703908, 0.0003687036497015439], [-0.03718680479923408, 0.9886272546015084, -0.1457165158018582, 1.0995046793037657], [-0.00891402832319144, 0.1454834067597873, 0.9893205169342754, -0.0226429940794836], [0.0, 0.0, 0.0, 1.0]]","[[0.7502265572547913, -0.6177185773849487, -0.23576217889785767, -0.2572760283946991], [0.27602753043174744, 0.6166315078735352, -0.7372748851776123, 0.8188377022743225], [0.6008068323135376, 0.4880463480949402, 0.6331207156181335, -0.15804514288902283], [0.0, 0.0, 0.0, 1.0]]","[[0.5813632011413574, 0.8101931810379028, 0.07485731691122055, 0.19911059737205505], [-0.2443757802248001, 0.2616252303123474, -0.9337196350097656, 0.8043989539146423], [-0.7760779857635498, 0.5245367884635925, 0.35009101033210754, -0.1957935392856598], [0.0, 0.0, 0.0, 1.0]]"
"[[0.9993477463703959, 0.035931281673267944, 0.0036127745072817687, 0.000854693683736838], [-0.03509457044069425, 0.989892542619313, -0.13740879480873816, 1.0990362074912032], [-0.008513532495918283, 0.13719238157237298, 0.9905078408552018, -0.021954041638971952], [0.0, 0.0, 0.0, 1.0]]","[[0.7504568099975586, -0.617152214050293, -0.23651127517223358, -0.257040798664093], [0.2728511691093445, 0.6152324676513672, -0.7396222949028015, 0.8185619115829468], [0.6019690036773682, 0.4905221462249756, 0.6300961971282959, -0.15879535675048828], [0.0, 0.0, 0.0, 1.0]]","[[0.5833449959754944, 0.8080623149871826, 0.08212082087993622, 0.19850073754787445], [-0.23970848321914673, 0.26788070797920227, -0.9331557750701904, 0.8057435750961304], [-0.776046633720398, 0.5246666669845581, 0.34996628761291504, -0.1953180432319641], [0.0, 0.0, 0.0, 1.0]]"
"[[0.9993477463703959, 0.035931281673267944, 0.0036127745072817687, 0.000854693683736838], [-0.03509457044069425, 0.989892542619313, -0.13740879480873816, 1.0990362074912032], [-0.008513532495918283, 0.13719238157237298, 0.9905078408552018, -0.021954041638971952], [0.0, 0.0, 0.0, 1.0]]","[[0.7508931159973145, -0.6158589720726013, -0.23848964273929596, -0.2566480040550232], [0.27299433946609497, 0.6182662844657898, -0.7370352149009705, 0.8194236755371094], [0.6013598442077637, 0.48832836747169495, 0.6323779225349426, -0.15849119424819946], [0.0, 0.0, 0.0, 1.0]]","[[0.5833449959754944, 0.8080623149871826, 0.08212082087993622, 0.19850073754787445], [-0.23970848321914673, 0.26788070797920227, -0.9331557750701904, 0.8057435750961304], [-0.776046633720398, 0.5246666669845581, 0.34996628761291504, -0.1953180432319641], [0.0, 0.0, 0.0, 1.0]]"
"[[0.9993477463703959, 0.035931281673267944, 0.0036127745072817687, 0.000854693683736838], [-0.03509457044069425, 0.989892542619313, -0.13740879480873816, 1.0990362074912032], [-0.008513532495918283, 0.13719238157237298, 0.9905078408552018, -0.021954041638971952], [0.0, 0.0, 0.0, 1.0]]","[[0.7508931159973145, -0.6158589720726013, -0.23848964273929596, -0.2566480040550232], [0.27299433946609497, 0.6182662844657898, -0.7370352149009705, 0.8194236755371094], [0.6013598442077637, 0.48832836747169495, 0.6323779225349426, -0.15849119424819946], [0.0, 0.0, 0.0, 1.0]]","[[0.5840724110603333, 0.8075000643730164, 0.08247963339090347, 0.19844050705432892], [-0.24364174902439117, 0.27133655548095703, -0.9311363697052002, 0.8061510324478149], [-0.7742725610733032, 0.5237555503845215, 0.3552210032939911, -0.195118710398674], [0.0, 0.0, 0.0, 1.0]]"
"[[0.9994247555794163, 0.033805031506880856, 0.0027146991700443064, 0.0011494786028878473], [-0.03314809110893335, 0.9906376009762952, -0.13243225636624187, 1.0986285778441867], [-0.007166159769096726, 0.13226608512259638, 0.991188346778695, -0.021426859809495588], [0.0, 0.0, 0.0, 1.0]]","[[0.7508931159973145, -0.6158589720726013, -0.23848964273929596, -0.2566480040550232], [0.27299433946609497, 0.6182662844657898, -0.7370352149009705, 0.8194236755371094], [0.6013598442077637, 0.48832836747169495, 0.6323779225349426, -0.15849119424819946], [0.0, 0.0, 0.0, 1.0]]","[[0.5840724110603333, 0.8075000643730164, 0.08247963339090347, 0.19844050705432892], [-0.24364174902439117, 0.27133655548095703, -0.9311363697052002, 0.8061510324478149], [-0.7742725610733032, 0.5237555503845215, 0.3552210032939911, -0.195118710398674], [0.0, 0.0, 0.0, 1.0]]"
"[[0.9994247555794163, 0.033805031506880856, 0.0027146991700443064, 0.0011494786028878473], [-0.03314809110893335, 0.9906376009762952, -0.13243225636624187, 1.0986285778441867], [-0.007166159769096726, 0.13226608512259638, 0.991188346778695, -0.021426859809495588], [0.0, 0.0, 0.0, 1.0]]","[[0.7508974075317383, -0.6153413653373718, -0.23980842530727386, -0.25655242800712585], [0.2715134918689728, 0.6186488270759583, -0.7372611165046692, 0.8200472593307495], [0.602024495601654, 0.48849621415138245, 0.6316152811050415, -0.1587437093257904], [0.0, 0.0, 0.0, 1.0]]","[[0.5840724110603333, 0.8075000643730164, 0.08247963339090347, 0.19844050705432892], [-0.24364174902439117, 0.27133655548095703, -0.9311363697052002, 0.8061510324478149], [-0.7742725610733032, 0.5237555503845215, 0.3552210032939911, -0.195118710398674], [0.0, 0.0, 0.0, 1.0]]"
"[[0.9995238781018952, 0.030758848568974977, 0.0024341120801341797, 0.001503022382205377], [-0.030197178789795387, 0.9913683535990412, -0.12758119588672334, 1.0982284720708786], [-0.006337352148495882, 0.12744694763840025, 0.9918251631273952, -0.02057343729874543], [0.0, 0.0, 0.0, 1.0]]","[[0.7508974075317383, -0.6153413653373718, -0.23980842530727386, -0.25655242800712585], [0.2715134918689728, 0.6186488270759583, -0.7372611165046692, 0.8200472593307495], [0.602024495601654, 0.48849621415138245, 0.6316152811050415, -0.1587437093257904], [0.0, 0.0, 0.0, 1.0]]","[[0.5847945213317871, 0.807366669178009, 0.07857564091682434, 0.1982160061597824], [-0.24975763261318207, 0.2713680565357208, -0.9295052886009216, 0.8066215515136719], [-0.7717747092247009, 0.5239446759223938, 0.3603406846523285, -0.19484801590442657], [0.0, 0.0, 0.0, 1.0]]"
"[[0.9995238781018952, 0.030758848568974977, 0.0024341120801341797, 0.001503022382205377], [-0.030197178789795387, 0.9913683535990412, -0.12758119588672334, 1.0982284720708786], [-0.006337352148495882, 0.12744694763840025, 0.9918251631273952, -0.02057343729874543], [0.0, 0.0, 0.0, 1.0]]","[[0.746731162071228, -0.6225024461746216, -0.23427164554595947, -0.256216824054718], [0.27814817428588867, 0.6122069954872131, -0.7401595115661621, 0.8217424154281616], [0.6041738986968994, 0.4875379204750061, 0.6303020119667053, -0.15951372683048248], [0.0, 0.0, 0.0, 1.0]]","[[0.5845577716827393, 0.8071913719177246, 0.0820624977350235, 0.19873632490634918], [-0.2436465620994568, 0.2711154818534851, -0.9311995506286621, 0.8076651096343994], [-0.7739047408103943, 0.5243456363677979, 0.35515210032463074, -0.1951376497745514], [0.0, 0.0, 0.0, 1.0]]"
