Head Pose,Left Arm Pose,Right Arm Pose
"[[0.0, 0.0, 0.0, 0.0], [0.0, 0.0, 0.0, 0.0], [0.0, 0.0, 0.0, 0.0], [0.0, 0.0, 0.0, 0.0]]","[[0.0, 0.0, 0.0, 0.0], [0.0, 0.0, 0.0, 0.0], [0.0, 0.0, 0.0, 0.0], [0.0, 0.0, 0.0, 0.0]]","[[0.0, 0.0, 0.0, 0.0], [0.0, 0.0, 0.0, 0.0], [0.0, 0.0, 0.0, 0.0], [0.0, 0.0, 0.0, 0.0]]"
"[[1.0, 0.0, 0.0, -0.5000000000000001], [0.0, 1.0, 0.0, 0.7499999999999999], [0.0, 0.0, 1.0, 0.8000000000000002], [0.0, 0.0, 0.0, 1.0]]","[[0.0, 0.0, 0.0, 0.0], [0.0, 0.0, 0.0, 0.0], [0.0, 0.0, 0.0, 0.0], [0.0, 0.0, 0.0, 0.0]]","[[0.0, 0.0, 0.0, 0.0], [0.0, 0.0, 0.0, 0.0], [0.0, 0.0, 0.0, 0.0], [0.0, 0.0, 0.0, 0.0]]"
"[[0.847998304005088, 0.32982091628272336, -0.4148699068225112, -0.5000000000000001], [0.0, 0.7827749746443304, 0.6223048602337666, 0.7499999999999999], [0.5299989400031799, -0.5277134660523575, 0.663791850916018, 0.8000000000000002], [0.0, 0.0, 0.0, 1.0]]","[[0.0, 0.0, 0.0, 0.0], [0.0, 0.0, 0.0, 0.0], [0.0, 0.0, 0.0, 0.0], [0.0, 0.0, 0.0, 0.0]]","[[0.0, 0.0, 0.0, 0.0], [0.0, 0.0, 0.0, 0.0], [0.0, 0.0, 0.0, 0.0], [0.0, 0.0, 0.0, 0.0]]"
"[[0.847998304005088, 0.32982091628272336, -0.41486990682251124, -0.49835176066958964], [2.7755575615628914e-17, 0.7827749746443304, 0.6223048602337666, 0.7988633982159058], [0.5299989400031799, -0.5277134660523575, 0.663791850916018, 0.75230498710859], [0.0, 0.0, 0.0, 1.0]]","[[0.0, 0.0, 0.0, 0.0], [0.0, 0.0, 0.0, 0.0], [0.0, 0.0, 0.0, 0.0], [0.0, 0.0, 0.0, 0.0]]","[[0.0, 0.0, 0.0, 0.0], [0.0, 0.0, 0.0, 0.0], [0.0, 0.0, 0.0, 0.0], [0.0, 0.0, 0.0, 0.0]]"
"[[0.8336756520094575, 0.36606113915500493, -0.41350229702765395, -0.4314252423577833], [2.7755575615628914e-17, 0.7487533050810761, 0.6628487671634948, 1.0502371487384434], [0.5522543863534323, -0.5526008781486915, 0.6242173998077023, 0.404195734349428], [0.0, 0.0, 0.0, 1.0]]","[[0.0, 0.0, 0.0, 0.0], [0.0, 0.0, 0.0, 0.0], [0.0, 0.0, 0.0, 0.0], [0.0, 0.0, 0.0, 0.0]]","[[0.0, 0.0, 0.0, 0.0], [0.0, 0.0, 0.0, 0.0], [0.0, 0.0, 0.0, 0.0], [0.0, 0.0, 0.0, 0.0]]"
"[[0.6837021346755251, 0.6359311038481499, -0.35797070019570554, -0.27201382492536064], [5.551115123125783e-17, 0.49053129467611245, 0.8714235760773156, 1.1634691777139339], [0.7297611876772634, -0.5957941591706405, 0.33537729329520705, 0.1576323303105634], [0.0, 0.0, 0.0, 1.0]]","[[0.0, 0.0, 0.0, 0.0], [0.0, 0.0, 0.0, 0.0], [0.0, 0.0, 0.0, 0.0], [0.0, 0.0, 0.0, 0.0]]","[[0.0, 0.0, 0.0, 0.0], [0.0, 0.0, 0.0, 0.0], [0.0, 0.0, 0.0, 0.0], [0.0, 0.0, 0.0, 0.0]]"
"[[0.5013951011296224, 0.8352617232945998, -0.22570070040243856, -1.147331226389364e-06], [1.1102230246251565e-16, 0.26085978917952, 0.9653766986980867, 1.2051970793187927], [0.8652184421076656, -0.48403514747190823, 0.13079382037631726, -3.689594245325555e-07], [0.0, 0.0, 0.0, 1.0]]","[[0.0, 0.0, 0.0, 0.0], [0.0, 0.0, 0.0, 0.0], [0.0, 0.0, 0.0, 0.0], [0.0, 0.0, 0.0, 0.0]]","[[0.0, 0.0, 0.0, 0.0], [0.0, 0.0, 0.0, 0.0], [0.0, 0.0, 0.0, 0.0], [0.0, 0.0, 0.0, 0.0]]"
"[[-0.3061403241542684, 0.9519863979731085, -9.519863979345899e-07, -9.63350892737533e-07], [-5.551115123125783e-17, 9.99999999806711e-07, 0.9999999999995002, 1.2051970793187927], [0.9519863979735844, 0.30614032415411513, -3.061403242021754e-07, -7.241926935984061e-07], [0.0, 0.0, 0.0, 1.0]]","[[0.0, 0.0, 0.0, 0.0], [0.0, 0.0, 0.0, 0.0], [0.0, 0.0, 0.0, 0.0], [0.0, 0.0, 0.0, 0.0]]","[[0.0, 0.0, 0.0, 0.0], [0.0, 0.0, 0.0, 0.0], [0.0, 0.0, 0.0, 0.0], [0.0, 0.0, 0.0, 0.0]]"
"[[-0.6008915106295283, 0.79933059021454, -7.993305899955949e-07, -3.027541003417401e-07], [-5.551115123125783e-17, 9.999999996956888e-07, 0.9999999999995001, 1.2051970793187927], [0.7993305902149397, 0.6008915106292277, -6.008915105493173e-07, -1.1665504509989185e-06], [0.0, 0.0, 0.0, 1.0]]","[[0.0, 0.0, 0.0, 0.0], [0.0, 0.0, 0.0, 0.0], [0.0, 0.0, 0.0, 0.0], [0.0, 0.0, 0.0, 0.0]]","[[0.0, 0.0, 0.0, 0.0], [0.0, 0.0, 0.0, 0.0], [0.0, 0.0, 0.0, 0.0], [0.0, 0.0, 0.0, 0.0]]"
"[[-0.9679333538195207, 0.2512071307977381, -2.5120713079140877e-07, 1.338769279189515e-07], [0.0, 9.999999999177334e-07, 0.9999999999995001, 1.2051970793187927], [0.2512071307978637, 0.9679333538190366, -9.679333539125423e-07, -1.1977382719820305e-06], [0.0, 0.0, 0.0, 1.0]]","[[0.0, 0.0, 0.0, 0.0], [0.0, 0.0, 0.0, 0.0], [0.0, 0.0, 0.0, 0.0], [0.0, 0.0, 0.0, 0.0]]","[[0.0, 0.0, 0.0, 0.0], [0.0, 0.0, 0.0, 0.0], [0.0, 0.0, 0.0, 0.0], [0.0, 0.0, 0.0, 0.0]]"
"[[-0.9938111305900466, -0.1110830172228019, 1.1108301720130775e-07, 5.865741615926721e-07], [0.0, 9.999999996956888e-07, 0.9999999999995001, 1.2051970793187927], [-0.11108301722285743, 0.9938111305895495, -9.93811130500788e-07, -1.0528203801937776e-06], [0.0, 0.0, 0.0, 1.0]]","[[0.0, 0.0, 0.0, 0.0], [0.0, 0.0, 0.0, 0.0], [0.0, 0.0, 0.0, 0.0], [0.0, 0.0, 0.0, 0.0]]","[[0.0, 0.0, 0.0, 0.0], [0.0, 0.0, 0.0, 0.0], [0.0, 0.0, 0.0, 0.0], [0.0, 0.0, 0.0, 0.0]]"
"[[1.0, 0.0, 0.0, 0.0], [0.0, 1.0, 0.0, 0.0], [0.0, 0.0, 1.0, 0.0], [0.0, 0.0, 0.0, 1.0]]","[[0.0, 0.0, 0.0, 0.0], [0.0, 0.0, 0.0, 0.0], [0.0, 0.0, 0.0, 0.0], [0.0, 0.0, 0.0, 0.0]]","[[0.0, 0.0, 0.0, 0.0], [0.0, 0.0, 0.0, 0.0], [0.0, 0.0, 0.0, 0.0], [0.0, 0.0, 0.0, 0.0]]"
"[[0.9999999403953531, -0.0003747876266380242, 9.14936556422821e-05, -0.00064844137038788], [0.0003766710638637252, 0.9997680187080059, -0.021535364236387362, -0.02689555764174821], [-8.340124418607736e-05, 0.021535397250500573, 0.9997680783417093, -0.01596062524475202], [0.0, 0.0, 0.0, 1.0]]","[[0.0, 0.0, 0.0, 0.0], [0.0, 0.0, 0.0, 0.0], [0.0, 0.0, 0.0, 0.0], [0.0, 0.0, 0.0, 0.0]]","[[0.0, 0.0, 0.0, 0.0], [0.0, 0.0, 0.0, 0.0], [0.0, 0.0, 0.0, 0.0], [0.0, 0.0, 0.0, 0.0]]"
"[[0.9998235702569738, 0.012517103470353565, -0.014006209533242088, 0.007682679331257677], [-0.01235043489238791, 0.9998526573170072, 0.011923501681227964, 1.5921466994428486], [0.01415339301195969, -0.011748415004770477, 0.9998308420135711, -0.001027584292378196], [0.0, 0.0, 0.0, 1.0]]","[[0.37387150526046753, -0.8941128849983215, -0.24653995037078857, -0.1960442066192627], [0.552783727645874, 0.4282587170600891, -0.714859664440155, 1.2702045440673828], [0.7447482347488403, 0.13098224997520447, 0.6543650031089783, -0.20478825271129608], [0.0, 0.0, 0.0, 1.0]]","[[0.40472739934921265, 0.9063836336135864, 0.12109577655792236, 0.18815980851650238], [-0.495573490858078, 0.3287010192871094, -0.8039665818214417, 1.2738511562347412], [-0.7685065865516663, 0.2653753161430359, 0.5822141766548157, -0.20467284321784973], [0.0, 0.0, 0.0, 1.0]]"
"[[0.9996784925378882, 0.01584052875418924, -0.01979885377889505, 0.009631538446465856], [-0.015733379649326553, 0.9998607635468154, 0.005556014465074792, 1.5928989098429558], [0.01988410822147499, -0.005242725269962295, 0.9997885227314142, 0.0012447475994868708], [0.0, 0.0, 0.0, 1.0]]","[[0.387742280960083, -0.8872829079627991, -0.2497698813676834, -0.19542570412158966], [0.5449804067611694, 0.4392058551311493, -0.7142090797424316, 1.2720558643341064], [0.7434058785438538, 0.14080937206745148, 0.6538504958152771, -0.20342320203781128], [0.0, 0.0, 0.0, 1.0]]","[[0.41675475239753723, 0.8980235457420349, 0.1409572809934616, 0.1928645819425583], [-0.486324667930603, 0.3512740731239319, -0.8000590801239014, 1.2764372825622559], [-0.7679866552352905, 0.2648772895336151, 0.5831263065338135, -0.20350968837738037], [0.0, 0.0, 0.0, 1.0]]"
"[[0.9993878602886823, 0.022715359560068673, -0.026607539460540123, 0.013421991299527451], [-0.02263757623094695, 0.9997385740362594, 0.0032209721106053846, 1.5932656878412659], [0.026673749133467387, -0.0026166702442853218, 0.9996407628072087, 0.007243077267961862], [0.0, 0.0, 0.0, 1.0]]","[[0.387742280960083, -0.8872829079627991, -0.2497698813676834, -0.19542570412158966], [0.5449804067611694, 0.4392058551311493, -0.7142090797424316, 1.2720558643341064], [0.7434058785438538, 0.14080937206745148, 0.6538504958152771, -0.20342320203781128], [0.0, 0.0, 0.0, 1.0]]","[[0.41675475239753723, 0.8980235457420349, 0.1409572809934616, 0.1928645819425583], [-0.486324667930603, 0.3512740731239319, -0.8000590801239014, 1.2764372825622559], [-0.7679866552352905, 0.2648772895336151, 0.5831263065338135, -0.20350968837738037], [0.0, 0.0, 0.0, 1.0]]"
"[[0.9993878602886823, 0.022715359560068673, -0.026607539460540123, 0.013421991299527451], [-0.02263757623094695, 0.9997385740362594, 0.0032209721106053846, 1.5932656878412659], [0.026673749133467387, -0.0026166702442853218, 0.9996407628072087, 0.007243077267961862], [0.0, 0.0, 0.0, 1.0]]","[[0.3798815906047821, -0.889327347278595, -0.25453248620033264, -0.19621524214744568], [0.5491692423820496, 0.4382428824901581, -0.7115870714187622, 1.279514193534851], [0.7443809509277344, 0.13053736090660095, 0.6548717021942139, -0.20047706365585327], [0.0, 0.0, 0.0, 1.0]]","[[0.4299081563949585, 0.8885058760643005, 0.1604253351688385, 0.1970154494047165], [-0.48733845353126526, 0.3779333233833313, -0.7871896624565125, 1.28128182888031], [-0.7600527405738831, 0.26023781299591064, 0.5954797267913818, -0.19862143695354462], [0.0, 0.0, 0.0, 1.0]]"
"[[0.9993467330918392, 0.023223711853147234, -0.027691039574735073, 0.014000578449836364], [-0.02311931296694211, 0.9997243881064746, 0.004084390008164905, 1.5931515597406656], [0.0277782628858162, -0.0034415241076663577, 0.9996081590827042, 0.008296246072606924], [0.0, 0.0, 0.0, 1.0]]","[[0.3798815906047821, -0.889327347278595, -0.25453248620033264, -0.19621524214744568], [0.5491692423820496, 0.4382428824901581, -0.7115870714187622, 1.279514193534851], [0.7443809509277344, 0.13053736090660095, 0.6548717021942139, -0.20047706365585327], [0.0, 0.0, 0.0, 1.0]]","[[0.4299081563949585, 0.8885058760643005, 0.1604253351688385, 0.1970154494047165], [-0.48733845353126526, 0.3779333233833313, -0.7871896624565125, 1.28128182888031], [-0.7600527405738831, 0.26023781299591064, 0.5954797267913818, -0.19862143695354462], [0.0, 0.0, 0.0, 1.0]]"
"[[0.9993033408766476, 0.023535789233663496, -0.028964002891513633, 0.014550599278206677], [-0.023409266713044243, 0.9997149110003662, 0.004699685641832639, 1.5930261535655366], [0.02906635655548877, -0.004018385397933437, 0.9995694160650201, 0.00927412122335761], [0.0, 0.0, 0.0, 1.0]]","[[0.368520051240921, -0.8933875560760498, -0.25700536370277405, -0.19599032402038574], [0.5307679176330566, 0.4291779100894928, -0.7308158874511719, 1.2815256118774414], [0.7632027864456177, 0.1329101324081421, 0.6323420405387878, -0.20237992703914642], [0.0, 0.0, 0.0, 1.0]]","[[0.4366396367549896, 0.8805216550827026, 0.18446418642997742, 0.19664129614830017], [-0.4641054570674896, 0.39612051844596863, -0.7922715544700623, 1.2825779914855957], [-0.7706825137138367, 0.2603261470794678, 0.5816171169281006, -0.19744697213172913], [0.0, 0.0, 0.0, 1.0]]"
"[[0.9992661476453975, 0.0233690481896476, -0.03034869841869138, 0.01508306246327625], [-0.023217865798346594, 0.999716222277899, 0.005324456591401311, 1.5928267589335012], [0.03046451434855201, -0.004615917119886671, 0.9995251893760546, 0.010208447760344446], [0.0, 0.0, 0.0, 1.0]]","[[0.368520051240921, -0.8933875560760498, -0.25700536370277405, -0.19599032402038574], [0.5307679176330566, 0.4291779100894928, -0.7308158874511719, 1.2815256118774414], [0.7632027864456177, 0.1329101324081421, 0.6323420405387878, -0.20237992703914642], [0.0, 0.0, 0.0, 1.0]]","[[0.4366396367549896, 0.8805216550827026, 0.18446418642997742, 0.19664129614830017], [-0.4641054570674896, 0.39612051844596863, -0.7922715544700623, 1.2825779914855957], [-0.7706825137138367, 0.2603261470794678, 0.5816171169281006, -0.19744697213172913], [0.0, 0.0, 0.0, 1.0]]"
"[[0.9992570877158499, 0.023103073361724853, -0.030846249490296268, 0.015223231771817695], [-0.02293890702405549, 0.9997208118402524, 0.005665432036484446, 1.5927670712192243], [0.03096852620014009, -0.004953643932377133, 0.9995080828620759, 0.010535103519660185], [0.0, 0.0, 0.0, 1.0]]","[[0.3588040769100189, -0.8974238634109497, -0.25669065117836, -0.1953737735748291], [0.5299881100654602, 0.42224594950675964, -0.7354053258895874, 1.2817087173461914], [0.7683568596839905, 0.12782344222068787, 0.6271275281906128, -0.20289817452430725], [0.0, 0.0, 0.0, 1.0]]","[[0.4434168338775635, 0.8768184185028076, 0.18593284487724304, 0.19674769043922424], [-0.46555110812187195, 0.4025675654411316, -0.7881633639335632, 1.2829207181930542], [-0.7659266591072083, 0.2629236876964569, 0.5867090225219727, -0.19671835005283356], [0.0, 0.0, 0.0, 1.0]]"
"[[0.9992470144769853, 0.02313405020325463, -0.031148496064178126, 0.01537241405396458], [-0.022952771501848303, 0.9997175336044021, 0.006164914477842489, 1.5927558359745948], [0.03128231784439887, -0.005445328060311636, 0.9994957447347459, 0.010811286860990211], [0.0, 0.0, 0.0, 1.0]]","[[0.3588040769100189, -0.8974238634109497, -0.25669065117836, -0.1953737735748291], [0.5299881100654602, 0.42224594950675964, -0.7354053258895874, 1.2817087173461914], [0.7683568596839905, 0.12782344222068787, 0.6271275281906128, -0.20289817452430725], [0.0, 0.0, 0.0, 1.0]]","[[0.4434168338775635, 0.8768184185028076, 0.18593284487724304, 0.19674769043922424], [-0.46555110812187195, 0.4025675654411316, -0.7881633639335632, 1.2829207181930542], [-0.7659266591072083, 0.2629236876964569, 0.5867090225219727, -0.19671835005283356], [0.0, 0.0, 0.0, 1.0]]"
"[[0.9992330670339896, 0.023212340308960626, -0.031534309955582165, 0.015511439614806964], [-0.023023343996468847, 0.9997147917602206, 0.006343333326594702, 1.5926955102102818], [0.031672560153260684, -0.005612443390919101, 0.999482512490241, 0.011093999428766446], [0.0, 0.0, 0.0, 1.0]]","[[0.3588040769100189, -0.8974238634109497, -0.25669065117836, -0.1953737735748291], [0.5299881100654602, 0.42224594950675964, -0.7354053258895874, 1.2817087173461914], [0.7683568596839905, 0.12782344222068787, 0.6271275281906128, -0.20289817452430725], [0.0, 0.0, 0.0, 1.0]]","[[0.4434168338775635, 0.8768184185028076, 0.18593284487724304, 0.19674769043922424], [-0.46555110812187195, 0.4025675654411316, -0.7881633639335632, 1.2829207181930542], [-0.7659266591072083, 0.2629236876964569, 0.5867090225219727, -0.19671835005283356], [0.0, 0.0, 0.0, 1.0]]"
"[[0.9992113709726229, 0.023117078145312015, -0.03228408206162274, 0.01577365211418601], [-0.0228961057464612, 0.9997119307587926, 0.007197683137924473, 1.59254187658304], [0.0324411716693896, -0.006452826856552558, 0.9994528293266243, 0.011674437797440502], [0.0, 0.0, 0.0, 1.0]]","[[0.36251237988471985, -0.8955343961715698, -0.25807493925094604, -0.19491153955459595], [0.5256395936012268, 0.42512837052345276, -0.7368641495704651, 1.2817788124084473], [0.7696022391319275, 0.13146786391735077, 0.6248427629470825, -0.2030544877052307], [0.0, 0.0, 0.0, 1.0]]","[[0.4426206350326538, 0.8761994242668152, 0.19068698585033417, 0.19658270478248596], [-0.4640795886516571, 0.4057910442352295, -0.7873777747154236, 1.2833138704299927], [-0.7672790288925171, 0.26001572608947754, 0.5862377882003784, -0.19625478982925415], [0.0, 0.0, 0.0, 1.0]]"
"[[0.9991957545555848, 0.023178769395597723, -0.032719106234519, 0.016015617382625275], [-0.02289447362636731, 0.9996970295867841, 0.009037089408644094, 1.592349413867136], [0.03291866108039193, -0.008280734657041171, 0.9994237422708133, 0.012230832600488418], [0.0, 0.0, 0.0, 1.0]]","[[0.36251237988471985, -0.8955343961715698, -0.25807493925094604, -0.19491153955459595], [0.5256395936012268, 0.42512837052345276, -0.7368641495704651, 1.2817788124084473], [0.7696022391319275, 0.13146786391735077, 0.6248427629470825, -0.2030544877052307], [0.0, 0.0, 0.0, 1.0]]","[[0.4426206350326538, 0.8761994242668152, 0.19068698585033417, 0.19658270478248596], [-0.4640795886516571, 0.4057910442352295, -0.7873777747154236, 1.2833138704299927], [-0.7672790288925171, 0.26001572608947754, 0.5862377882003784, -0.19625478982925415], [0.0, 0.0, 0.0, 1.0]]"
"[[0.9991871714756524, 0.02310574761418298, -0.033031840633752675, 0.016223511950094246], [-0.022753851871810397, 0.9996806979290616, 0.010989770513885872, 1.5921182560781308], [0.033275219786760485, -0.010229236225670917, 0.9993938803398527, 0.012727718124599604], [0.0, 0.0, 0.0, 1.0]]","[[0.36955925822257996, -0.8916478753089905, -0.2615148425102234, -0.1947905272245407], [0.5202507972717285, 0.4317392408847809, -0.7368448376655579, 1.2820786237716675], [0.7699123620986938, 0.13625448942184448, 0.6234337687492371, -0.2033804953098297], [0.0, 0.0, 0.0, 1.0]]","[[0.4406871199607849, 0.876075804233551, 0.19566774368286133, 0.1968223750591278], [-0.4613960385322571, 0.4080429971218109, -0.787790834903717, 1.2834751605987549], [-0.770005464553833, 0.25688886642456055, 0.5840373039245605, -0.19594693183898926], [0.0, 0.0, 0.0, 1.0]]"
"[[0.9991874695054879, 0.022972675494720134, -0.03311602809578267, 0.01630821882823287], [-0.02259430243832907, 0.9996756315126741, 0.011755007317616214, 1.5920089347289594], [0.033375329886375975, -0.010997222738013993, 0.9993823766581656, 0.012993040547922831], [0.0, 0.0, 0.0, 1.0]]","[[0.36955925822257996, -0.8916478753089905, -0.2615148425102234, -0.1947905272245407], [0.5202507972717285, 0.4317392408847809, -0.7368448376655579, 1.2820786237716675], [0.7699123620986938, 0.13625448942184448, 0.6234337687492371, -0.2033804953098297], [0.0, 0.0, 0.0, 1.0]]","[[0.4406871199607849, 0.876075804233551, 0.19566774368286133, 0.1968223750591278], [-0.4613960385322571, 0.4080429971218109, -0.787790834903717, 1.2834751605987549], [-0.770005464553833, 0.25688886642456055, 0.5840373039245605, -0.19594693183898926], [0.0, 0.0, 0.0, 1.0]]"
"[[0.9991847872679188, 0.0229130910917486, -0.03323750912715323, 0.016476232939504717], [-0.022475547881487482, 0.9996565580262669, 0.01347858226981615, 1.591769606685602], [0.033534929458604965, -0.01272056390407828, 0.9993565678758419, 0.013457449647035501], [0.0, 0.0, 0.0, 1.0]]","[[0.36308911442756653, -0.8946329355239868, -0.26038119196891785, -0.1947532445192337], [0.5256605744361877, 0.42741405963897705, -0.7355258464813232, 1.281308650970459], [0.7693161964416504, 0.13018935918807983, 0.6254625916481018, -0.20386666059494019], [0.0, 0.0, 0.0, 1.0]]","[[0.44473740458488464, 0.8735783100128174, 0.19765986502170563, 0.1973593384027481], [-0.46617385745048523, 0.4142080247402191, -0.7817374467849731, 1.2834291458129883], [-0.7647812962532043, 0.2555239498615265, 0.5914532542228699, -0.19537249207496643], [0.0, 0.0, 0.0, 1.0]]"
"[[0.9991882443140347, 0.022828824622136153, -0.03319260777851598, 0.016538918594804], [-0.022352121966380114, 0.9996426105559874, 0.014662616068749496, 1.5916287849172968], [0.0335154764173363, -0.01390878751662487, 0.999341428302352, 0.013671848624504232], [0.0, 0.0, 0.0, 1.0]]","[[0.3776410222053528, -0.8891289234161377, -0.2585284411907196, -0.19460074603557587], [0.5235499143600464, 0.4353213906288147, -0.7323869466781616, 1.280867338180542], [0.7637293934822083, 0.14122676849365234, 0.6298986673355103, -0.20288804173469543], [0.0, 0.0, 0.0, 1.0]]","[[0.44664937257766724, 0.8720095753669739, 0.2002592235803604, 0.19921456277370453], [-0.474554181098938, 0.4206404685974121, -0.7732141017913818, 1.2830994129180908], [-0.7584871649742126, 0.2503218352794647, 0.6016945242881775, -0.1949518322944641], [0.0, 0.0, 0.0, 1.0]]"
"[[0.9992000460920897, 0.022661338588923285, -0.03294965649931648, 0.01663604439856286], [-0.02211056926217673, 0.9996112584838512, 0.01698486686056594, 1.5913323875469223], [0.033321745442459826, -0.016242744472565854, 0.9993126988340262, 0.014063965276551706], [0.0, 0.0, 0.0, 1.0]]","[[0.3776410222053528, -0.8891289234161377, -0.2585284411907196, -0.19460074603557587], [0.5235499143600464, 0.4353213906288147, -0.7323869466781616, 1.280867338180542], [0.7637293934822083, 0.14122676849365234, 0.6298986673355103, -0.20288804173469543], [0.0, 0.0, 0.0, 1.0]]","[[0.44664937257766724, 0.8720095753669739, 0.2002592235803604, 0.19921456277370453], [-0.474554181098938, 0.4206404685974121, -0.7732141017913818, 1.2830994129180908], [-0.7584871649742126, 0.2503218352794647, 0.6016945242881775, -0.1949518322944641], [0.0, 0.0, 0.0, 1.0]]"
"[[0.9992205500874748, 0.022231038951962226, -0.032619994765375124, 0.016694418517718187], [-0.021600393286258943, 0.9995753169133199, 0.019559819985717233, 1.5910416394025464], [0.033040977382804884, -0.01883996949663788, 0.9992763995774314, 0.014434402838258042], [0.0, 0.0, 0.0, 1.0]]","[[0.3823714554309845, -0.8870092630386353, -0.2588561475276947, -0.19451169669628143], [0.5278186798095703, 0.4396154582500458, -0.7267362475395203, 1.2809559106826782], [0.7584189772605896, 0.1412540227174759, 0.6362765431404114, -0.2017459124326706], [0.0, 0.0, 0.0, 1.0]]","[[0.43682044744491577, 0.8774250149726868, 0.19827543199062347, 0.2002219408750534], [-0.48166948556900024, 0.4143015742301941, -0.7722360491752625, 1.2823455333709717], [-0.7597251534461975, 0.24182520806789398, 0.6036043167114258, -0.1955571323633194], [0.0, 0.0, 0.0, 1.0]]"
"[[0.9992398023691657, 0.022137387004380466, -0.03208936758914619, 0.016692334232219427], [-0.021472803968305344, 0.9995507597983948, 0.0209091423561046, 1.5908589133252378], [0.032537825325339734, -0.02020419887106922, 0.9992662668075372, 0.014625514814067524], [0.0, 0.0, 0.0, 1.0]]","[[0.3823714554309845, -0.8870092630386353, -0.2588561475276947, -0.19451169669628143], [0.5278186798095703, 0.4396154582500458, -0.7267362475395203, 1.2809559106826782], [0.7584189772605896, 0.1412540227174759, 0.6362765431404114, -0.2017459124326706], [0.0, 0.0, 0.0, 1.0]]","[[0.43682044744491577, 0.8774250149726868, 0.19827543199062347, 0.2002219408750534], [-0.48166948556900024, 0.4143015742301941, -0.7722360491752625, 1.2823455333709717], [-0.7597251534461975, 0.24182520806789398, 0.6036043167114258, -0.1955571323633194], [0.0, 0.0, 0.0, 1.0]]"
"[[0.9992759227994619, 0.021810617391591004, -0.03117546695524342, 0.016680961164519618], [-0.021078361104602886, 0.9994986057290861, 0.023626996334088646, 1.5905181962719495], [0.03167515550500265, -0.022952761371242202, 0.999234616731502, 0.0149316064870366], [0.0, 0.0, 0.0, 1.0]]","[[0.3823714554309845, -0.8870092630386353, -0.2588561475276947, -0.19451169669628143], [0.5278186798095703, 0.4396154582500458, -0.7267362475395203, 1.2809559106826782], [0.7584189772605896, 0.1412540227174759, 0.6362765431404114, -0.2017459124326706], [0.0, 0.0, 0.0, 1.0]]","[[0.43682044744491577, 0.8774250149726868, 0.19827543199062347, 0.2002219408750534], [-0.48166948556900024, 0.4143015742301941, -0.7722360491752625, 1.2823455333709717], [-0.7597251534461975, 0.24182520806789398, 0.6036043167114258, -0.1955571323633194], [0.0, 0.0, 0.0, 1.0]]"
"[[0.9993030428833845, 0.021443249739300434, -0.030555054322119087, 0.016654909795716197], [-0.020676560618389416, 0.9994688033979624, 0.02519090076485181, 1.5903350955332551], [0.03107899822271312, -0.024541570120067323, 0.9992156028877951, 0.015105972751331322], [0.0, 0.0, 0.0, 1.0]]","[[0.3905346393585205, -0.8828232288360596, -0.26097068190574646, -0.19459329545497894], [0.5255179405212402, 0.44654589891433716, -0.7241736650466919, 1.2807471752166748], [0.7558528184890747, 0.145670086145401, 0.6383311748504639, -0.2015559822320938], [0.0, 0.0, 0.0, 1.0]]","[[0.445100337266922, 0.8730288147926331, 0.1992642879486084, 0.20085318386554718], [-0.4847232401371002, 0.4219951331615448, -0.7661353945732117, 1.283290982246399], [-0.7529468536376953, 0.24441902339458466, 0.611007571220398, -0.19424813985824585], [0.0, 0.0, 0.0, 1.0]]"
"[[0.9993356466354593, 0.02085215546452404, -0.029889749906166836, 0.01661983462379648], [-0.020052677539354535, 0.999439597148443, 0.026802286803201944, 1.590152334372001], [0.030431884729162435, -0.02618511177651474, 0.9991937875505414, 0.015278484289333262], [0.0, 0.0, 0.0, 1.0]]","[[0.3905346393585205, -0.8828232288360596, -0.26097068190574646, -0.19459329545497894], [0.5255179405212402, 0.44654589891433716, -0.7241736650466919, 1.2807471752166748], [0.7558528184890747, 0.145670086145401, 0.6383311748504639, -0.2015559822320938], [0.0, 0.0, 0.0, 1.0]]","[[0.445100337266922, 0.8730288147926331, 0.1992642879486084, 0.20085318386554718], [-0.4847232401371002, 0.4219951331615448, -0.7661353945732117, 1.283290982246399], [-0.7529468536376953, 0.24441902339458466, 0.611007571220398, -0.19424813985824585], [0.0, 0.0, 0.0, 1.0]]"
"[[0.999393463149543, 0.01999662115864222, -0.028509810782484955, 0.016540850555631228], [-0.019136415350514014, 0.9993627071480515, 0.03013239119661014, 1.5897604217612493], [0.029094187327213344, -0.02956853929447967, 0.9991392492994092, 0.015594151160542327], [0.0, 0.0, 0.0, 1.0]]","[[0.3905346393585205, -0.8828232288360596, -0.26097068190574646, -0.19459329545497894], [0.5255179405212402, 0.44654589891433716, -0.7241736650466919, 1.2807471752166748], [0.7558528184890747, 0.145670086145401, 0.6383311748504639, -0.2015559822320938], [0.0, 0.0, 0.0, 1.0]]","[[0.445100337266922, 0.8730288147926331, 0.1992642879486084, 0.20085318386554718], [-0.4847232401371002, 0.4219951331615448, -0.7661353945732117, 1.283290982246399], [-0.7529468536376953, 0.24441902339458466, 0.611007571220398, -0.19424813985824585], [0.0, 0.0, 0.0, 1.0]]"
"[[0.9994285702896005, 0.019486867438415868, -0.027617832960162823, 0.016469827231144592], [-0.018610486213703776, 0.9993259906403937, 0.031641895984744414, 1.5895784638405523], [0.028215819655384358, -0.03110983491923873, 0.9991176128563205, 0.01573128894460181], [0.0, 0.0, 0.0, 1.0]]","[[0.39219340682029724, -0.8818792700767517, -0.26167336106300354, -0.1949395090341568], [0.5345987677574158, 0.45000436902046204, -0.71533203125, 1.2804582118988037], [0.7485907673835754, 0.14065808057785034, 0.6479405760765076, -0.20170482993125916], [0.0, 0.0, 0.0, 1.0]]","[[0.443453848361969, 0.8730441927909851, 0.20283587276935577, 0.2021939605474472], [-0.48249903321266174, 0.4232441186904907, -0.7668499946594238, 1.2831640243530273], [-0.7553430795669556, 0.24219438433647156, 0.6089323163032532, -0.1945183277130127], [0.0, 0.0, 0.0, 1.0]]"
"[[0.9994480610066091, 0.01939159152075454, -0.026972057391427065, 0.01643850814014241], [-0.018494933052213985, 0.9992807507151048, 0.03310527960535357, 1.5893786731333917], [0.027594620268322934, -0.03258816217306785, 0.9990878701398465, 0.015894697168596872], [0.0, 0.0, 0.0, 1.0]]","[[0.39219340682029724, -0.8818792700767517, -0.26167336106300354, -0.1949395090341568], [0.5345987677574158, 0.45000436902046204, -0.71533203125, 1.2804582118988037], [0.7485907673835754, 0.14065808057785034, 0.6479405760765076, -0.20170482993125916], [0.0, 0.0, 0.0, 1.0]]","[[0.443453848361969, 0.8730441927909851, 0.20283587276935577, 0.2021939605474472], [-0.48249903321266174, 0.4232441186904907, -0.7668499946594238, 1.2831640243530273], [-0.7553430795669556, 0.24219438433647156, 0.6089323163032532, -0.1945183277130127], [0.0, 0.0, 0.0, 1.0]]"
"[[0.9994733929380781, 0.01914407058095736, -0.026201083778313046, 0.01636998409249694], [-0.018231122508289403, 0.9992331862850307, 0.03465011049649304, 1.589190790125468], [0.02684433806044733, -0.03415418709972315, 0.9990559816212432, 0.016031315295817687], [0.0, 0.0, 0.0, 1.0]]","[[0.38728994131088257, -0.884207546710968, -0.26111966371536255, -0.19466038048267365], [0.5346999168395996, 0.4461420774459839, -0.7176720499992371, 1.2803428173065186], [0.751067578792572, 0.1383264809846878, 0.6455720663070679, -0.20204773545265198], [0.0, 0.0, 0.0, 1.0]]","[[0.44439584016799927, 0.8720002770423889, 0.20525075495243073, 0.20308654010295868], [-0.48646602034568787, 0.42729514837265015, -0.7620823979377747, 1.2832788228988647], [-0.7522387504577637, 0.2388187199831009, 0.6140866875648499, -0.1943599134683609], [0.0, 0.0, 0.0, 1.0]]"
"[[0.9995795488489914, 0.01741858768061606, -0.02317997861764615, 0.016107790747571404], [-0.016484957088075007, 0.9990686177699034, 0.03987657899607233, 1.588510646433007], [0.023852983004234357, -0.03947769229661415, 0.9989356995012172, 0.016561565049194354], [0.0, 0.0, 0.0, 1.0]]","[[0.38728994131088257, -0.884207546710968, -0.26111966371536255, -0.19466038048267365], [0.5346999168395996, 0.4461420774459839, -0.7176720499992371, 1.2803428173065186], [0.751067578792572, 0.1383264809846878, 0.6455720663070679, -0.20204773545265198], [0.0, 0.0, 0.0, 1.0]]","[[0.44439584016799927, 0.8720002770423889, 0.20525075495243073, 0.20308654010295868], [-0.48646602034568787, 0.42729514837265015, -0.7620823979377747, 1.2832788228988647], [-0.7522387504577637, 0.2388187199831009, 0.6140866875648499, -0.1943599134683609], [0.0, 0.0, 0.0, 1.0]]"
"[[0.9996089935150838, 0.01671334918939303, -0.022417300626546614, 0.016055810031751543], [-0.015776289586194057, 0.9990203379835039, 0.04134553489768438, 1.5883677851607354], [0.023086362272589943, -0.04097570660030908, 0.9988933802554509, 0.01671782224044977], [0.0, 0.0, 0.0, 1.0]]","[[0.38728994131088257, -0.884207546710968, -0.26111966371536255, -0.19466038048267365], [0.5346999168395996, 0.4461420774459839, -0.7176720499992371, 1.2803428173065186], [0.751067578792572, 0.1383264809846878, 0.6455720663070679, -0.20204773545265198], [0.0, 0.0, 0.0, 1.0]]","[[0.44439584016799927, 0.8720002770423889, 0.20525075495243073, 0.20308654010295868], [-0.48646602034568787, 0.42729514837265015, -0.7620823979377747, 1.2832788228988647], [-0.7522387504577637, 0.2388187199831009, 0.6140866875648499, -0.1943599134683609], [0.0, 0.0, 0.0, 1.0]]"
"[[0.9996089935150838, 0.01671334918939303, -0.022417300626546614, 0.016055810031751543], [-0.015776289586194057, 0.9990203379835039, 0.04134553489768438, 1.5883677851607354], [0.023086362272589943, -0.04097570660030908, 0.9988933802554509, 0.01671782224044977], [0.0, 0.0, 0.0, 1.0]]","[[0.38225510716438293, -0.8857118487358093, -0.2634299099445343, -0.19505146145820618], [0.5347186923027039, 0.44451993703842163, -0.7186638712882996, 1.280005931854248], [0.7536290287971497, 0.13385196030139923, 0.6435268521308899, -0.2050870954990387], [0.0, 0.0, 0.0, 1.0]]","[[0.4359719753265381, 0.8755160570144653, 0.2083260715007782, 0.2037935107946396], [-0.49011391401290894, 0.4251246154308319, -0.7609580159187317, 1.2829945087432861], [-0.7547956705093384, 0.22965273261070251, 0.6144452095031738, -0.19437700510025024], [0.0, 0.0, 0.0, 1.0]]"
"[[0.9996436238227642, 0.016096886689908114, -0.021296860065869054, 0.016012531473681233], [-0.015171155822329906, 0.9989625811331113, 0.042937699296323954, 1.5881813004929834], [0.021965928960033673, -0.0425992984689787, 0.9988507628741277, 0.016834921035491304], [0.0, 0.0, 0.0, 1.0]]","[[0.38225510716438293, -0.8857118487358093, -0.2634299099445343, -0.19505146145820618], [0.5347186923027039, 0.44451993703842163, -0.7186638712882996, 1.280005931854248], [0.7536290287971497, 0.13385196030139923, 0.6435268521308899, -0.2050870954990387], [0.0, 0.0, 0.0, 1.0]]","[[0.4359719753265381, 0.8755160570144653, 0.2083260715007782, 0.2037935107946396], [-0.49011391401290894, 0.4251246154308319, -0.7609580159187317, 1.2829945087432861], [-0.7547956705093384, 0.22965273261070251, 0.6144452095031738, -0.19437700510025024], [0.0, 0.0, 0.0, 1.0]]"
"[[0.9997014999324982, 0.014703354872164055, -0.01951096356061747, 0.01577984073198028], [-0.013787793852987961, 0.9988343715357846, 0.04625795716653367, 1.587864935990802], [0.020168368144356706, -0.04597513815154538, 0.9987389445678229, 0.017175277276357325], [0.0, 0.0, 0.0, 1.0]]","[[0.38902547955513, -0.8846572637557983, -0.25698402523994446, -0.19383378326892853], [0.5385690331459045, 0.4447249472141266, -0.7156558036804199, 1.2795727252960205], [0.747397243976593, 0.1400047391653061, 0.6494582891464233, -0.20359456539154053], [0.0, 0.0, 0.0, 1.0]]","[[0.4527226686477661, 0.86667799949646, 0.20955027639865875, 0.20375452935695648], [-0.4787396490573883, 0.4345313310623169, -0.762883186340332, 1.2830417156219482], [-0.7522302865982056, 0.24505440890789032, 0.6116353869438171, -0.1948554515838623], [0.0, 0.0, 0.0, 1.0]]"
"[[0.9997314810797455, 0.014131768579225636, -0.018364085137927935, 0.015702600581544966], [-0.013235448887009525, 0.9987574219949183, 0.04804564317896069, 1.5876683479793556], [0.019020236775195196, -0.04778968492315114, 0.9986763000198736, 0.017324903442944163], [0.0, 0.0, 0.0, 1.0]]","[[0.38902547955513, -0.8846572637557983, -0.25698402523994446, -0.19383378326892853], [0.5385690331459045, 0.4447249472141266, -0.7156558036804199, 1.2795727252960205], [0.747397243976593, 0.1400047391653061, 0.6494582891464233, -0.20359456539154053], [0.0, 0.0, 0.0, 1.0]]","[[0.4527226686477661, 0.86667799949646, 0.20955027639865875, 0.20375452935695648], [-0.4787396490573883, 0.4345313310623169, -0.762883186340332, 1.2830417156219482], [-0.7522302865982056, 0.24505440890789032, 0.6116353869438171, -0.1948554515838623], [0.0, 0.0, 0.0, 1.0]]"
"[[0.9997852444670342, 0.013064216646455068, -0.01608641471362059, 0.015486922474741836], [-0.012209627953268744, 0.9985660314083058, 0.052123266242049625, 1.5872415958655197], [0.016744296740532467, -0.05191566518733655, 0.9985110760195584, 0.01763161453933864], [0.0, 0.0, 0.0, 1.0]]","[[0.3950669765472412, -0.8806913495063782, -0.2613517642021179, -0.1937159299850464], [0.5321140289306641, 0.45128917694091797, -0.7163746953010559, 1.2798691987991333], [0.7488502264022827, 0.14394702017307281, 0.6469177007675171, -0.2040708214044571], [0.0, 0.0, 0.0, 1.0]]","[[0.44714340567588806, 0.8692593574523926, 0.21083377301692963, 0.2037843018770218], [-0.48312026262283325, 0.43307796120643616, -0.7609456181526184, 1.2825815677642822], [-0.7527666091918945, 0.23839373886585236, 0.6136047840118408, -0.19477945566177368], [0.0, 0.0, 0.0, 1.0]]"
"[[0.9997953772504954, 0.013171212680088234, -0.015352973517700196, 0.015396961245129744], [-0.012320083633614844, 0.9984501599943177, 0.05427203638781361, 1.586980329278267], [0.016044007811025645, -0.05407178090583034, 0.998408138788258, 0.017838264915398142], [0.0, 0.0, 0.0, 1.0]]","[[0.3950669765472412, -0.8806913495063782, -0.2613517642021179, -0.1937159299850464], [0.5321140289306641, 0.45128917694091797, -0.7163746953010559, 1.2798691987991333], [0.7488502264022827, 0.14394702017307281, 0.6469177007675171, -0.2040708214044571], [0.0, 0.0, 0.0, 1.0]]","[[0.44714340567588806, 0.8692593574523926, 0.21083377301692963, 0.2037843018770218], [-0.48312026262283325, 0.43307796120643616, -0.7609456181526184, 1.2825815677642822], [-0.7527666091918945, 0.23839373886585236, 0.6136047840118408, -0.19477945566177368], [0.0, 0.0, 0.0, 1.0]]"
"[[0.9998087882993749, 0.013168119779997645, -0.014456075640846909, 0.015298478506606376], [-0.012326636397070122, 0.9983077049235483, 0.056831184729030024, 1.5867376826847472], [0.01517997120834428, -0.056642122612307166, 0.9982791543029288, 0.018009580788703752], [0.0, 0.0, 0.0, 1.0]]","[[0.3950669765472412, -0.8806913495063782, -0.2613517642021179, -0.1937159299850464], [0.5321140289306641, 0.45128917694091797, -0.7163746953010559, 1.2798691987991333], [0.7488502264022827, 0.14394702017307281, 0.6469177007675171, -0.2040708214044571], [0.0, 0.0, 0.0, 1.0]]","[[0.44714340567588806, 0.8692593574523926, 0.21083377301692963, 0.2037843018770218], [-0.48312026262283325, 0.43307796120643616, -0.7609456181526184, 1.2825815677642822], [-0.7527666091918945, 0.23839373886585236, 0.6136047840118408, -0.19477945566177368], [0.0, 0.0, 0.0, 1.0]]"
"[[0.9998237490562246, 0.01292050966574527, -0.013622232375636681, 0.015203081986823642], [-0.012095996536773674, 0.9981868266180919, 0.058963796416339136, 1.5864815051962096], [0.0143593757991046, -0.05878862895626143, 0.9981671572705112, 0.018146811167239346], [0.0, 0.0, 0.0, 1.0]]","[[0.40418487787246704, -0.8773207068443298, -0.2587333023548126, -0.19263459742069244], [0.5359755754470825, 0.4563853144645691, -0.7102411985397339, 1.2800242900848389], [0.7411914467811584, 0.14839401841163635, 0.6546865701675415, -0.20394697785377502], [0.0, 0.0, 0.0, 1.0]]","[[0.445382297039032, 0.8691394329071045, 0.21501420438289642, 0.2033715844154358], [-0.48452749848365784, 0.43591663241386414, -0.758425772190094, 1.282351016998291], [-0.752906084060669, 0.23360903561115265, 0.6152716279029846, -0.1949792057275772], [0.0, 0.0, 0.0, 1.0]]"
"[[0.9999178051946844, 0.010969512025584181, -0.006641026289706687, 0.014633692062491087], [-0.010380782325993572, 0.9964962008014864, 0.0829914389893775, 1.5836331122665661], [0.007528133055622117, -0.08291567575480888, 0.9965281484113534, 0.019205971320057504], [0.0, 0.0, 0.0, 1.0]]","[[0.40201306343078613, -0.8817793726921082, -0.24667878448963165, -0.1904786229133606], [0.5542581081390381, 0.4487941861152649, -0.7009861469268799, 1.2799568176269531], [0.728823184967041, 0.1450818032026291, 0.6691546440124512, -0.20385779440402985], [0.0, 0.0, 0.0, 1.0]]","[[0.45040029287338257, 0.8653020262718201, 0.2199815809726715, 0.20174095034599304], [-0.48089611530303955, 0.4427100419998169, -0.7568002939224243, 1.28267240524292], [-0.7522489428520203, 0.23507478833198547, 0.6155171394348145, -0.19515329599380493], [0.0, 0.0, 0.0, 1.0]]"
"[[0.9999276995648751, 0.01091895616018903, -0.00503138358357648, 0.014530047915691869], [-0.01042214603757726, 0.9958897826816916, 0.08997194964962787, 1.582745051050802], [0.005993103155611948, -0.08991301308793251, 0.9959315659866393, 0.019376597510463722], [0.0, 0.0, 0.0, 1.0]]","[[0.40069717168807983, -0.8840426802635193, -0.24064573645591736, -0.1894635260105133], [0.5559507012367249, 0.4433763027191162, -0.7030905485153198, 1.279557466506958], [0.7282586693763733, 0.1479392796754837, 0.6691437363624573, -0.20451194047927856], [0.0, 0.0, 0.0, 1.0]]","[[0.4478663206100464, 0.8666297197341919, 0.21992887556552887, 0.20047210156917572], [-0.4864947199821472, 0.44258183240890503, -0.753288984298706, 1.282738447189331], [-0.7501591444015503, 0.23037855327129364, 0.6198282837867737, -0.19540418684482574], [0.0, 0.0, 0.0, 1.0]]"
"[[0.9999336600330574, 0.010692549143171907, -0.004278632924575834, 0.014473696738518246], [-0.010239011402987839, 0.9954457877169078, 0.09477799188714514, 1.582156809853564], [0.005272565297167272, -0.09472789812464227, 0.9954892398798316, 0.019435454553633102], [0.0, 0.0, 0.0, 1.0]]","[[0.38845181465148926, -0.8930916786193848, -0.22691965103149414, -0.18664611876010895], [0.5671473145484924, 0.42581114172935486, -0.7050026655197144, 1.279160499572754], [0.7262569069862366, 0.14516271650791168, 0.6719216108322144, -0.20495763421058655], [0.0, 0.0, 0.0, 1.0]]","[[0.445169061422348, 0.8661741614341736, 0.22708335518836975, 0.19799549877643585], [-0.47970229387283325, 0.44482487440109253, -0.7563177347183228, 1.2829985618591309], [-0.756115198135376, 0.22775685787200928, 0.6135280132293701, -0.19663600623607635], [0.0, 0.0, 0.0, 1.0]]"
"[[0.9999320507066528, 0.011071749216004019, -0.0036538252041215394, 0.014430070448229864], [-0.010651578942255375, 0.9949434398522919, 0.09987048698975945, 1.5815440208577956], [0.004741090406430299, -0.09982477979347804, 0.9949937463870568, 0.019479600072381753], [0.0, 0.0, 0.0, 1.0]]","[[0.38845181465148926, -0.8930916786193848, -0.22691965103149414, -0.18664611876010895], [0.5671473145484924, 0.42581114172935486, -0.7050026655197144, 1.279160499572754], [0.7262569069862366, 0.14516271650791168, 0.6719216108322144, -0.20495763421058655], [0.0, 0.0, 0.0, 1.0]]","[[0.445169061422348, 0.8661741614341736, 0.22708335518836975, 0.19799549877643585], [-0.47970229387283325, 0.44482487440109253, -0.7563177347183228, 1.2829985618591309], [-0.756115198135376, 0.22775685787200928, 0.6135280132293701, -0.19663600623607635], [0.0, 0.0, 0.0, 1.0]]"
