Head Pose,Left Arm Pose,Right Arm Pose
"[[0.0, 0.0, 0.0, 0.0], [0.0, 0.0, 0.0, 0.0], [0.0, 0.0, 0.0, 0.0], [0.0, 0.0, 0.0, 0.0]]","[[0.0, 0.0, 0.0, 0.0], [0.0, 0.0, 0.0, 0.0], [0.0, 0.0, 0.0, 0.0], [0.0, 0.0, 0.0, 0.0]]","[[0.0, 0.0, 0.0, 0.0], [0.0, 0.0, 0.0, 0.0], [0.0, 0.0, 0.0, 0.0], [0.0, 0.0, 0.0, 0.0]]"
"[[-0.8556425036115951, 0.0027453916177894, 0.5175596576045824, -0.6939967483291061], [-0.03851363044537562, 0.9968757620885353, -0.06895961282284332, 1.3236106110814172], [-0.5161319870639969, -0.0789379063483966, -0.8528635449649996, -0.6249620613332164], [0.0, 0.0, 0.0, 1.0]]","[[0.5016108751296997, 0.8372369408607483, 0.2177625298500061, -0.6864896416664124], [0.4131777286529541, -0.010704610496759415, -0.9105871319770813, 1.0234754085540771], [-0.7600463032722473, 0.5467349290847778, -0.35129714012145996, -0.3537765145301819], [0.0, 0.0, 0.0, 1.0]]","[[0.0, 0.0, 0.0, 0.0], [0.0, 0.0, 0.0, 0.0], [0.0, 0.0, 0.0, 0.0], [0.0, 0.0, 0.0, 0.0]]"
"[[-0.8613414129243834, 0.036715425491266857, 0.5066977672896055, -0.6944536123442498], [-0.0011640199794696643, 0.9972398276325206, -0.0742389134325349, 1.3237796539756876], [-0.5080248779931394, -0.06453487805945125, -0.8589212342279472, -0.6276736793121469], [0.0, 0.0, 0.0, 1.0]]","[[0.050416480749845505, 0.7958434820175171, 0.6033996939659119, -0.6354159712791443], [0.40727904438972473, 0.5352660417556763, -0.7400094270706177, 1.0195282697677612], [-0.9119110703468323, 0.2830606997013092, -0.2971441447734833, -0.3386249244213104], [0.0, 0.0, 0.0, 1.0]]","[[-0.8554914593696594, -0.5142951011657715, 0.06028454750776291, -0.9554776549339294], [-0.3140939176082611, 0.4228329658508301, -0.8500335812568665, 1.0275928974151611], [0.41167786717414856, -0.7461317777633667, -0.5232667922973633, -0.5142087340354919], [0.0, 0.0, 0.0, 1.0]]"
"[[-0.8454058725383753, 0.021867473471912913, 0.5336764390039592, -0.7011411566238253], [-0.004389655172827928, 0.9988433717902075, -0.04788148261921813, 1.322061916321678], [-0.5341062014531939, -0.04282194889766771, -0.8443321031369322, -0.6220166839785385], [0.0, 0.0, 0.0, 1.0]]","[[-0.005300475284457207, 0.8570418357849121, 0.51521897315979, -0.6396492123603821], [0.33864521980285645, 0.4863215386867523, -0.8054876923561096, 1.0358737707138062], [-0.9408988356590271, 0.17020675539970398, -0.2928107678890228, -0.31997424364089966], [0.0, 0.0, 0.0, 1.0]]","[[0.4176131784915924, -0.885470449924469, 0.2038165032863617, -0.9284436106681824], [-0.6150595545768738, -0.44059237837791443, -0.6538957953453064, 1.1077991724014282], [0.6688055396080017, 0.14771614968776703, -0.7286142110824585, -0.4939744174480438], [0.0, 0.0, 0.0, 1.0]]"
"[[-0.8691250678022241, 0.011035272101044586, 0.4944690757382394, -0.696982525663374], [-0.016266086319565637, 0.9985724686239922, -0.05087634689199037, 1.3226439585926262], [-0.4943246549975394, -0.052260993504652464, -0.8677048688357781, -0.6125634909691995], [0.0, 0.0, 0.0, 1.0]]","[[-0.07570748776197433, 0.8652920126914978, 0.49551787972450256, -0.6297170519828796], [0.28976568579673767, 0.4945901036262512, -0.8194000124931335, 1.0450359582901], [-0.9540985822677612, 0.08154931664466858, -0.2881760895252228, -0.3153837323188782], [0.0, 0.0, 0.0, 1.0]]","[[-0.7781912088394165, -0.6185933351516724, 0.10844346135854721, -0.9134234189987183], [-0.25250372290611267, 0.150077223777771, -0.9558861255645752, 1.0842955112457275], [0.5750300288200378, -0.7712449431419373, -0.2729856073856354, -0.4799236059188843], [0.0, 0.0, 0.0, 1.0]]"
"[[-0.8691250678022241, 0.011035272101044586, 0.4944690757382394, -0.696982525663374], [-0.016266086319565637, 0.9985724686239922, -0.05087634689199037, 1.3226439585926262], [-0.4943246549975394, -0.052260993504652464, -0.8677048688357781, -0.6125634909691995], [0.0, 0.0, 0.0, 1.0]]","[[-0.068341463804245, 0.8663328886032104, 0.49476903676986694, -0.6317134499549866], [0.2807329595088959, 0.4925890862941742, -0.8237383365631104, 1.0457361936569214], [-0.9573494791984558, 0.0826023519039154, -0.2768723964691162, -0.3156873881816864], [0.0, 0.0, 0.0, 1.0]]","[[-0.7869648337364197, -0.6054615378379822, 0.11875031143426895, -0.9152481555938721], [-0.26417046785354614, 0.1567123979330063, -0.9516589045524597, 1.0844601392745972], [0.5575834512710571, -0.7802929282188416, -0.283271849155426, -0.4813157320022583], [0.0, 0.0, 0.0, 1.0]]"
"[[-0.8691250678022241, 0.011035272101044586, 0.4944690757382394, -0.696982525663374], [-0.016266086319565637, 0.9985724686239922, -0.05087634689199037, 1.3226439585926262], [-0.4943246549975394, -0.052260993504652464, -0.8677048688357781, -0.6125634909691995], [0.0, 0.0, 0.0, 1.0]]","[[-0.05583667382597923, 0.8678616881370544, 0.4936569929122925, -0.6356511116027832], [0.26294833421707153, 0.4897565543651581, -0.8312617540359497, 1.0461256504058838], [-0.9631922245025635, 0.08339099586009979, -0.25554898381233215, -0.31607237458229065], [0.0, 0.0, 0.0, 1.0]]","[[-0.8162652850151062, -0.5679910182952881, 0.10533953458070755, -0.9232435822486877], [-0.2506434917449951, 0.18393301963806152, -0.9504452347755432, 1.083648681640625], [0.520469069480896, -0.802218496799469, -0.2925010919570923, -0.48197120428085327], [0.0, 0.0, 0.0, 1.0]]"
"[[-0.8628428580434528, 0.024549102415239332, 0.5048756007346763, -0.6969761085251195], [-0.006225747060870651, 0.9982280133137605, -0.05917782710305841, 1.3237066010163094], [-0.5054337378349646, -0.05420440061577185, -0.8611611127812759, -0.6131399452210214], [0.0, 0.0, 0.0, 1.0]]","[[-0.04532044008374214, 0.8672242164611816, 0.49585095047950745, -0.6362307667732239], [0.27070584893226624, 0.4884504973888397, -0.8295387029647827, 1.0456719398498535], [-0.9615947008132935, 0.09663466364145279, -0.2568994462490082, -0.3156898021697998], [0.0, 0.0, 0.0, 1.0]]","[[-0.8178367018699646, -0.5650156736373901, 0.10908612608909607, -0.9252474308013916], [-0.25435012578964233, 0.18488746881484985, -0.9492746591567993, 1.083559513092041], [0.5161864757537842, -0.8040980100631714, -0.29491931200027466, -0.48199570178985596], [0.0, 0.0, 0.0, 1.0]]"
"[[-0.8628428580434528, 0.024549102415239332, 0.5048756007346763, -0.6969761085251195], [-0.006225747060870651, 0.9982280133137605, -0.05917782710305841, 1.3237066010163094], [-0.5054337378349646, -0.05420440061577185, -0.8611611127812759, -0.6131399452210214], [0.0, 0.0, 0.0, 1.0]]","[[-0.052083272486925125, 0.8688133358955383, 0.4923921823501587, -0.6368639469146729], [0.2643478512763977, 0.4874681532382965, -0.8321626782417297, 1.045314073562622], [-0.9630196690559387, 0.08682083338499069, -0.25505778193473816, -0.3156071901321411], [0.0, 0.0, 0.0, 1.0]]","[[-0.8081210255622864, -0.5735018849372864, 0.13429595530033112, -0.9266350865364075], [-0.28197571635246277, 0.1765003651380539, -0.9430466890335083, 1.0838379859924316], [0.5171358585357666, -0.7999643683433533, -0.30434703826904297, -0.48179441690444946], [0.0, 0.0, 0.0, 1.0]]"
"[[-0.860129649948311, 0.02550702039024849, 0.5094373746933865, -0.6978821738620933], [-0.006408156453287802, 0.9981297254535615, -0.0607948342553052, 1.3238346688856528], [-0.5100352839407993, -0.05555599162069235, -0.858357493570905, -0.6132909570988324], [0.0, 0.0, 0.0, 1.0]]","[[-0.04711776226758957, 0.8668063282966614, 0.4964136481285095, -0.6368518471717834], [0.26632773876190186, 0.4898774325847626, -0.8301141858100891, 1.0449106693267822], [-0.9627301096916199, 0.09309554845094681, -0.2539364695549011, -0.31516873836517334], [0.0, 0.0, 0.0, 1.0]]","[[-0.6060284376144409, -0.7499378323554993, 0.26518407464027405, -0.9238588809967041], [-0.5035964846611023, 0.10367059707641602, -0.8576962351799011, 1.0856537818908691], [0.6157271265983582, -0.6533342003822327, -0.44049331545829773, -0.4841253459453583], [0.0, 0.0, 0.0, 1.0]]"
"[[-0.8565517613452813, 0.02624717463134553, 0.5153928912131801, -0.6987071883355234], [-0.006466142519849332, 0.9980815046868585, -0.061575149921314326, 1.3239419888153436], [-0.5160203063042151, -0.056074926825628146, -0.8547387179728343, -0.6134624887090834], [0.0, 0.0, 0.0, 1.0]]","[[-0.05128723382949829, 0.8684968948364258, 0.49303367733955383, -0.6370320320129395], [0.26184162497520447, 0.48810720443725586, -0.8325803279876709, 1.045000433921814], [-0.9637468457221985, 0.08639578521251678, -0.25244221091270447, -0.3147813081741333], [0.0, 0.0, 0.0, 1.0]]","[[-0.31074100732803345, -0.893094539642334, 0.32530227303504944, -0.922553539276123], [-0.6366895437240601, -0.05853511765599251, -0.7688950300216675, 1.0862072706222534], [0.705737829208374, -0.44604405760765076, -0.5504344701766968, -0.48492753505706787], [0.0, 0.0, 0.0, 1.0]]"
"[[-0.853079031213775, 0.023857913354261365, 0.5212356616074902, -0.6995906773046142], [-0.008197764308972223, 0.9982179994114293, -0.05910710172819396, 1.3238459904855224], [-0.5217169951384201, -0.05469601673913865, -0.851363231959482, -0.6136511588079817], [0.0, 0.0, 0.0, 1.0]]","[[-0.050378624349832535, 0.8688417673110962, 0.4925198554992676, -0.6368191838264465], [0.2614744007587433, 0.487419456243515, -0.8330986499786377, 1.0456147193908691], [-0.9638947248458862, 0.08681093156337738, -0.2517353892326355, -0.31465911865234375], [0.0, 0.0, 0.0, 1.0]]","[[0.08635780960321426, -0.9304797649383545, 0.35601910948753357, -0.9219868183135986], [-0.7044928073883057, -0.3097117245197296, -0.6385673880577087, 1.0879688262939453], [0.7044373750686646, -0.19566768407821655, -0.6822622418403625, -0.4845159649848938], [0.0, 0.0, 0.0, 1.0]]"
"[[-0.853079031213775, 0.023857913354261365, 0.5212356616074902, -0.6995906773046142], [-0.008197764308972223, 0.9982179994114293, -0.05910710172819396, 1.3238459904855224], [-0.5217169951384201, -0.05469601673913865, -0.851363231959482, -0.6136511588079817], [0.0, 0.0, 0.0, 1.0]]","[[-0.0551413968205452, 0.8683857321739197, 0.49281376600265503, -0.6366434097290039], [0.2664699852466583, 0.4884622395038605, -0.830902099609375, 1.0458588600158691], [-0.9622644782066345, 0.08550289273262024, -0.2583331763744354, -0.31447356939315796], [0.0, 0.0, 0.0, 1.0]]","[[0.2715868651866913, -0.8956703543663025, 0.3521580398082733, -0.9212640523910522], [-0.7141771912574768, -0.43283864855766296, -0.5500925183296204, 1.0899907350540161], [0.6451291441917419, -0.10210529714822769, -0.7572206854820251, -0.4846746027469635], [0.0, 0.0, 0.0, 1.0]]"
"[[-0.8506503097166749, 0.020483027670228266, 0.5253325092217744, -0.7003479010319128], [-0.011007347602092796, 0.9983277913867437, -0.05674915624348775, 1.3236352300723955], [-0.525616408643979, -0.054056217395381044, -0.8490024220060175, -0.6132596159873691], [0.0, 0.0, 0.0, 1.0]]","[[-0.057194653898477554, 0.8677462339401245, 0.49370428919792175, -0.6363447904586792], [0.2732742428779602, 0.48923569917678833, -0.82823246717453, 1.0461283922195435], [-0.9602336287498474, 0.0875457301735878, -0.2651141583919525, -0.3141823709011078], [0.0, 0.0, 0.0, 1.0]]","[[0.42533430457115173, -0.8463330864906311, 0.32064124941825867, -0.9212778806686401], [-0.6951421499252319, -0.5323684215545654, -0.4830741584300995, 1.0920066833496094], [0.5795410871505737, -0.017423348501324654, -0.8147563338279724, -0.4844962954521179], [0.0, 0.0, 0.0, 1.0]]"
"[[-0.8506503097166749, 0.020483027670228266, 0.5253325092217744, -0.7003479010319128], [-0.011007347602092796, 0.9983277913867437, -0.05674915624348775, 1.3236352300723955], [-0.525616408643979, -0.054056217395381044, -0.8490024220060175, -0.6132596159873691], [0.0, 0.0, 0.0, 1.0]]","[[-0.06225935369729996, 0.8638805747032166, 0.499833345413208, -0.6351337432861328], [0.2898305356502533, 0.4948733448982239, -0.8192058801651001, 1.0471693277359009], [-0.9550504088401794, 0.09386349469423294, -0.28118935227394104, -0.3150733709335327], [0.0, 0.0, 0.0, 1.0]]","[[0.5340139269828796, -0.7950627207756042, 0.2875833809375763, -0.922982931137085], [-0.6645840406417847, -0.6049964427947998, -0.43852779269218445, 1.0923380851745605], [0.5226442217826843, 0.04305652901530266, -0.8514624238014221, -0.48051175475120544], [0.0, 0.0, 0.0, 1.0]]"
"[[-0.8520839919764067, 0.02122820175320774, 0.5229742705167814, -0.700470320085937], [-0.009401650233873418, 0.9983952044664011, -0.05584429431963496, 1.3235640442173526], [-0.5233204782663305, -0.052500856627935855, -0.850517023669039, -0.6122155732703313], [0.0, 0.0, 0.0, 1.0]]","[[-0.06616602838039398, 0.8622329235076904, 0.5021710991859436, -0.6347724199295044], [0.28762102127075195, 0.4983936548233032, -0.8178493976593018, 1.0476723909378052], [-0.9554556608200073, 0.090320885181427, -0.280972957611084, -0.31525719165802], [0.0, 0.0, 0.0, 1.0]]","[[0.5548725128173828, -0.779911458492279, 0.28957653045654297, -0.9227407574653625], [-0.656055748462677, -0.6242426633834839, -0.42416003346443176, 1.0918922424316406], [0.511573314666748, 0.04537636786699295, -0.8580405116081238, -0.4797212481498718], [0.0, 0.0, 0.0, 1.0]]"
"[[-0.8520839919764067, 0.02122820175320774, 0.5229742705167814, -0.700470320085937], [-0.009401650233873418, 0.9983952044664011, -0.05584429431963496, 1.3235640442173526], [-0.5233204782663305, -0.052500856627935855, -0.850517023669039, -0.6122155732703313], [0.0, 0.0, 0.0, 1.0]]","[[-0.0703737884759903, 0.8601245284080505, 0.5052059888839722, -0.6342537999153137], [0.2893262207508087, 0.5022906064987183, -0.8148584961891174, 1.048195481300354], [-0.9546400904655457, 0.08882459998130798, -0.2842046618461609, -0.31586360931396484], [0.0, 0.0, 0.0, 1.0]]","[[0.5689757466316223, -0.775058925151825, 0.2748640775680542, -0.9234849214553833], [-0.6609753370285034, -0.6298761963844299, -0.40788212418556213, 1.0900770425796509], [0.48926299810409546, 0.050396695733070374, -0.8706791400909424, -0.47911906242370605], [0.0, 0.0, 0.0, 1.0]]"
"[[-0.8520839919764067, 0.02122820175320774, 0.5229742705167814, -0.700470320085937], [-0.009401650233873418, 0.9983952044664011, -0.05584429431963496, 1.3235640442173526], [-0.5233204782663305, -0.052500856627935855, -0.850517023669039, -0.6122155732703313], [0.0, 0.0, 0.0, 1.0]]","[[-0.06900918483734131, 0.8609626293182373, 0.5039646625518799, -0.6342392563819885], [0.282250314950943, 0.5013791918754578, -0.8178957104682922, 1.0484288930892944], [-0.9568551778793335, 0.0858016237616539, -0.27760666608810425, -0.315621554851532], [0.0, 0.0, 0.0, 1.0]]","[[0.5752955675125122, -0.7705147862434387, 0.2744845449924469, -0.9227356910705566], [-0.6613393425941467, -0.6356439590454102, -0.39822912216186523, 1.089343547821045], [0.4813160300254822, 0.047571975737810135, -0.8752548694610596, -0.47924554347991943], [0.0, 0.0, 0.0, 1.0]]"
"[[-0.8520839919764067, 0.02122820175320774, 0.5229742705167814, -0.700470320085937], [-0.009401650233873418, 0.9983952044664011, -0.05584429431963496, 1.3235640442173526], [-0.5233204782663305, -0.052500856627935855, -0.850517023669039, -0.6122155732703313], [0.0, 0.0, 0.0, 1.0]]","[[-0.06679515540599823, 0.8629854321479797, 0.5007939338684082, -0.6343921422958374], [0.2817687392234802, 0.49780023097991943, -0.8202446699142456, 1.0483238697052002], [-0.9571545720100403, 0.08631973713636398, -0.2764129936695099, -0.31520405411720276], [0.0, 0.0, 0.0, 1.0]]","[[0.5912614464759827, -0.7610098123550415, 0.2669719457626343, -0.9228382110595703], [-0.6545289158821106, -0.6462055444717407, -0.3924418091773987, 1.0881084203720093], [0.4711707830429077, 0.05729488655924797, -0.8801793456077576, -0.4788520932197571], [0.0, 0.0, 0.0, 1.0]]"
"[[-0.8493713221310297, 0.0196731011937407, 0.527428938040102, -0.7004220493120028], [-0.010156645029321051, 0.9985107779633525, -0.05360071370844617, 1.323482922544013], [-0.5276979674011826, -0.050883818319990524, -0.8479066410173722, -0.6113169175733169], [0.0, 0.0, 0.0, 1.0]]","[[-0.05799002945423126, 0.8627614378929138, 0.5022744536399841, -0.6346576809883118], [0.28276994824409485, 0.4967121481895447, -0.8205596208572388, 1.0491280555725098], [-0.9574331045150757, 0.09444377571344376, -0.2727673351764679, -0.3136017620563507], [0.0, 0.0, 0.0, 1.0]]","[[0.6846603155136108, -0.6948851943016052, 0.21994255483150482, -0.9229069948196411], [-0.6013628840446472, -0.7090635895729065, -0.36822670698165894, 1.0881938934326172], [0.4118286669254303, 0.11984488368034363, -0.9033458232879639, -0.4761175513267517], [0.0, 0.0, 0.0, 1.0]]"
"[[-0.8486951032588369, 0.016251510804716967, 0.5286325279220513, -0.6996282765410521], [-0.013761781951610406, 0.9985107777496763, -0.0527906642636178, 1.3237167899347533], [-0.5287032064453193, -0.05207811283265405, -0.8472075425296943, -0.6084081116657432], [0.0, 0.0, 0.0, 1.0]]","[[-0.1039530336856842, 0.837714433670044, 0.5361229181289673, -0.635530948638916], [0.25389403104782104, 0.5435354113578796, -0.8000668287277222, 1.0543327331542969], [-0.9616293907165527, 0.05294887349009514, -0.26919278502464294, -0.30912309885025024], [0.0, 0.0, 0.0, 1.0]]","[[0.7440564036369324, -0.6505385637283325, 0.15224874019622803, -0.9236211180686951], [-0.5631574392318726, -0.7332794070243835, -0.38099226355552673, 1.0925114154815674], [0.3594909906387329, 0.19773973524570465, -0.9119568467140198, -0.4723019003868103], [0.0, 0.0, 0.0, 1.0]]"
"[[-0.8476376404825033, 0.014843914073250239, 0.5303677711463215, -0.7002417901962666], [-0.017999911096236557, 0.9982286688852301, -0.05670596949732562, 1.3241497714989883], [-0.5302700605416063, -0.057612695619700206, -0.8458689582714262, -0.6076881616095929], [0.0, 0.0, 0.0, 1.0]]","[[-0.1052650734782219, 0.8192923069000244, 0.5636295080184937, -0.6351687908172607], [0.25457099080085754, 0.5700941681861877, -0.7811439037322998, 1.056547999382019], [-0.9613072872161865, 0.061256200075149536, -0.2685789465904236, -0.3070906400680542], [0.0, 0.0, 0.0, 1.0]]","[[0.7523430585861206, -0.639934241771698, 0.15640953183174133, -0.9245858192443848], [-0.5526612401008606, -0.7423305511474609, -0.37882721424102783, 1.093173861503601], [0.35853222012519836, 0.1985665112733841, -0.9121540784835815, -0.4712922275066376], [0.0, 0.0, 0.0, 1.0]]"
"[[-0.845684755686885, 0.01207692639918444, 0.5335458341945188, -0.7011189582541987], [-0.022066970337344283, 0.9980975982533858, -0.05756890297896693, 1.3242759428953739], [-0.5332260903011784, -0.060458899577786794, -0.843809437212683, -0.6072207214225502], [0.0, 0.0, 0.0, 1.0]]","[[-0.10275019705295563, 0.7943121790885925, 0.5987571477890015, -0.6345332860946655], [0.27041521668434143, 0.6015788912773132, -0.751650333404541, 1.0600650310516357], [-0.9572447538375854, 0.08468066900968552, -0.27660641074180603, -0.3042849898338318], [0.0, 0.0, 0.0, 1.0]]","[[0.7479533553123474, -0.6408082246780396, 0.17300455272197723, -0.9264797568321228], [-0.5532230734825134, -0.7458754777908325, -0.37096285820007324, 1.0940849781036377], [0.36675599217414856, 0.1817527562379837, -0.9123899340629578, -0.47100630402565], [0.0, 0.0, 0.0, 1.0]]"
"[[-0.845684755686885, 0.01207692639918444, 0.5335458341945188, -0.7011189582541987], [-0.022066970337344283, 0.9980975982533858, -0.05756890297896693, 1.3242759428953739], [-0.5332260903011784, -0.060458899577786794, -0.843809437212683, -0.6072207214225502], [0.0, 0.0, 0.0, 1.0]]","[[-0.09293894469738007, 0.7898169755935669, 0.6062597036361694, -0.6346300840377808], [0.2759819030761719, 0.6054723858833313, -0.7464830279350281, 1.061462163925171], [-0.9566586017608643, 0.0979391559958458, -0.27424708008766174, -0.3003029525279999], [0.0, 0.0, 0.0, 1.0]]","[[0.7477692365646362, -0.6384041905403137, 0.18243128061294556, -0.9279928803443909], [-0.5520113110542297, -0.7504439949989319, -0.3634783923625946, 1.0949534177780151], [0.3689506947994232, 0.17109379172325134, -0.9135652184486389, -0.4712412655353546], [0.0, 0.0, 0.0, 1.0]]"
"[[-0.8435778039069471, 0.011219295179407231, 0.5368897346118084, -0.7020206762214387], [-0.024394392473559026, 0.9979490041646164, -0.05918319906471939, 1.3243613395570497], [-0.5364525886914135, -0.0630227326285961, -0.8415739519115005, -0.6068334080334171], [0.0, 0.0, 0.0, 1.0]]","[[-0.07790743559598923, 0.7929428815841675, 0.6042944192886353, -0.6351323127746582], [0.2814920246601105, 0.5989696979522705, -0.7496649026870728, 1.0626928806304932], [-0.9563955068588257, 0.11169952154159546, -0.2698712646961212, -0.2973499298095703], [0.0, 0.0, 0.0, 1.0]]","[[0.7485235929489136, -0.6356253623962402, 0.18892525136470795, -0.9295241236686707], [-0.5492660403251648, -0.7539418339729309, -0.3603862524032593, 1.0955066680908203], [0.3715093433856964, 0.16598737239837646, -0.9134706258773804, -0.4712672829627991], [0.0, 0.0, 0.0, 1.0]]"
"[[-0.8415148174607225, 0.0073724990032980105, 0.5401837695691271, -0.7027405122754053], [-0.027827139969206795, 0.9979879854703559, -0.05697063879192188, 1.3241348060617555], [-0.5395169388201557, -0.06297340466558624, -0.8396164859902782, -0.6063385111588334], [0.0, 0.0, 0.0, 1.0]]","[[-0.07592393457889557, 0.7952407002449036, 0.6015207767486572, -0.6354372501373291], [0.288181871175766, 0.5950183272361755, -0.7502694129943848, 1.0642818212509155], [-0.9545607566833496, 0.11638382077217102, -0.27435001730918884, -0.295750230550766], [0.0, 0.0, 0.0, 1.0]]","[[0.7451159358024597, -0.6401182413101196, 0.1872188001871109, -0.9311779737472534], [-0.5503026247024536, -0.7486817836761475, -0.3696516454219818, 1.0958080291748047], [0.37678810954093933, 0.17240631580352783, -0.9101134538650513, -0.47132033109664917], [0.0, 0.0, 0.0, 1.0]]"
"[[-0.8415148174607225, 0.0073724990032980105, 0.5401837695691271, -0.7027405122754053], [-0.027827139969206795, 0.9979879854703559, -0.05697063879192188, 1.3241348060617555], [-0.5395169388201557, -0.06297340466558624, -0.8396164859902782, -0.6063385111588334], [0.0, 0.0, 0.0, 1.0]]","[[-0.06692183017730713, 0.7988539934158325, 0.5977907776832581, -0.6360950469970703], [0.31478559970855713, 0.5854392647743225, -0.7471083998680115, 1.0661615133285522], [-0.946800708770752, 0.13817809522151947, -0.29064640402793884, -0.29435837268829346], [0.0, 0.0, 0.0, 1.0]]","[[0.7419703602790833, -0.6443564891815186, 0.1851610541343689, -0.9323840141296387], [-0.5500773787498474, -0.7429802417755127, -0.3813067376613617, 1.0966038703918457], [0.3832685351371765, 0.18106535077095032, -0.9057152271270752, -0.4718398153781891], [0.0, 0.0, 0.0, 1.0]]"
"[[-0.839587269123825, 0.0037298034875996914, 0.5432118145457706, -0.703358930308622], [-0.03143458906555248, 0.9979671832762443, -0.05543749292843359, 1.323922483960524], [-0.5423143538006346, -0.06362026671416786, -0.8377633118821566, -0.6057036468906568], [0.0, 0.0, 0.0, 1.0]]","[[-0.06675902009010315, 0.7987136244773865, 0.5979959964752197, -0.6367210745811462], [0.31342852115631104, 0.5857824683189392, -0.7474097013473511, 1.0672639608383179], [-0.9472619891166687, 0.13753250241279602, -0.2894458472728729, -0.2930954098701477], [0.0, 0.0, 0.0, 1.0]]","[[0.7412765622138977, -0.6451325416564941, 0.1852378249168396, -0.9326160550117493], [-0.5487687587738037, -0.7414335608482361, -0.3861719071865082, 1.0971320867538452], [0.3864736557006836, 0.18460743129253387, -0.9036358594894409, -0.47256553173065186], [0.0, 0.0, 0.0, 1.0]]"
"[[-0.838432732878787, 0.0020927081525633027, 0.5450009759580141, -0.7039242021136217], [-0.033505525457517234, 0.9979031679979417, -0.05537687300685234, 1.3238500653188652], [-0.5439740959490293, -0.06469033227321327, -0.8366045917532761, -0.6049415708671205], [0.0, 0.0, 0.0, 1.0]]","[[-0.07881203293800354, 0.7961267232894897, 0.5999753475189209, -0.6378227472305298], [0.3051052391529083, 0.5922302007675171, -0.7457707524299622, 1.0699020624160767], [-0.9490516185760498, 0.12427980452775955, -0.28957727551460266, -0.2944386899471283], [0.0, 0.0, 0.0, 1.0]]","[[0.7444085478782654, -0.642196536064148, 0.18286491930484772, -0.9324049949645996], [-0.5456089377403259, -0.742888331413269, -0.3878506124019623, 1.0975689888000488], [0.3849245011806488, 0.18894657492637634, -0.9034005999565125, -0.4728231430053711], [0.0, 0.0, 0.0, 1.0]]"
"[[-0.8378894949507124, 0.0005512882159281984, 0.5458392538626922, -0.7044206698146003], [-0.03596091360274729, 0.9977711434440744, -0.056209464067821104, 1.3242060415853716], [-0.5446536503235565, -0.06672622219264185, -0.8360021690698141, -0.6039509493365893], [0.0, 0.0, 0.0, 1.0]]","[[-0.0789228230714798, 0.794891893863678, 0.6015959978103638, -0.6384894847869873], [0.3087084889411926, 0.5933014154434204, -0.7434328198432922, 1.0710417032241821], [-0.9478765726089478, 0.12704387307167053, -0.29221487045288086, -0.2956903278827667], [0.0, 0.0, 0.0, 1.0]]","[[0.7424585819244385, -0.6451790928840637, 0.18027514219284058, -0.9321518540382385], [-0.5498906373977661, -0.7406695485115051, -0.3860417604446411, 1.0977778434753418], [0.38259047269821167, 0.1874883621931076, -0.9046943187713623, -0.4727509021759033], [0.0, 0.0, 0.0, 1.0]]"
"[[-0.8388122251978096, -0.003080110642423842, 0.5444119467657549, -0.7067959745534863], [-0.03813203110423123, 0.9978604908420682, -0.05310701285899155, 1.3238997529679808], [-0.5430836186486744, -0.06530635724365311, -0.8371350241716082, -0.6010450146418008], [0.0, 0.0, 0.0, 1.0]]","[[-0.075009785592556, 0.8103503584861755, 0.5811245441436768, -0.6332073211669922], [0.26097968220710754, 0.5784070491790771, -0.7728744149208069, 1.0690735578536987], [-0.9624255895614624, 0.09368851780891418, -0.2548711597919464, -0.29810598492622375], [0.0, 0.0, 0.0, 1.0]]","[[-0.9042330384254456, -0.3860204815864563, -0.182620570063591, -0.9353920817375183], [-0.026626883074641228, 0.47777751088142395, -0.8780771493911743, 1.0791391134262085], [0.4262078106403351, -0.7891240119934082, -0.44230058789253235, -0.4686594605445862], [0.0, 0.0, 0.0, 1.0]]"
"[[-0.8381725538177586, -0.003290756094681149, 0.5453952533884868, -0.7076165072128859], [-0.03697968465141768, 0.9980235100218395, -0.050809208880476416, 1.3236267934495287], [-0.5441501157597681, -0.06275542767781792, -0.8366375576623244, -0.6015341973925731], [0.0, 0.0, 0.0, 1.0]]","[[-0.08613339066505432, 0.8106032609939575, 0.5792263746261597, -0.6329836249351501], [0.2633518874645233, 0.5792325139045715, -0.7714501619338989, 1.066296100616455], [-0.9608468413352966, 0.08609268814325333, -0.26336514949798584, -0.2980525493621826], [0.0, 0.0, 0.0, 1.0]]","[[-0.3017112612724304, -0.9531211256980896, 0.023018773645162582, -0.9226822257041931], [-0.6598330140113831, 0.19132180511951447, -0.7266470789909363, 1.0804556608200073], [0.6881788969039917, -0.2344263643026352, -0.6866247057914734, -0.46838244795799255], [0.0, 0.0, 0.0, 1.0]]"
"[[-0.8381725538177586, -0.003290756094681149, 0.5453952533884868, -0.7076165072128859], [-0.03697968465141768, 0.9980235100218395, -0.050809208880476416, 1.3236267934495287], [-0.5441501157597681, -0.06275542767781792, -0.8366375576623244, -0.6015341973925731], [0.0, 0.0, 0.0, 1.0]]","[[-0.07852811366319656, 0.8104830980300903, 0.5804743766784668, -0.6330539584159851], [0.2695353925228119, 0.5778477787971497, -0.7703522443771362, 1.0652554035186768], [-0.9597833156585693, 0.09596406668424606, -0.26383116841316223, -0.29785290360450745], [0.0, 0.0, 0.0, 1.0]]","[[0.1792004257440567, -0.9819828867912292, 0.05997245013713837, -0.9173579812049866], [-0.7658179402351379, -0.17750029265880585, -0.6180747747421265, 1.082824468612671], [0.6175839900970459, 0.06483124196529388, -0.7838281989097595, -0.46801403164863586], [0.0, 0.0, 0.0, 1.0]]"
"[[-0.8369383214417843, -0.00799272500178825, 0.5472384687826407, -0.7083175028688118], [-0.039504574498021874, 0.9981673951228095, -0.04583891472246549, 1.323140983707967], [-0.5458692315652595, -0.05998279163215408, -0.8357203012920041, -0.6021835118293035], [0.0, 0.0, 0.0, 1.0]]","[[-0.06670724600553513, 0.8113733530044556, 0.5807089805603027, -0.6335300803184509], [0.26897624135017395, 0.5750824213027954, -0.7726135849952698, 1.064106822013855], [-0.960833728313446, 0.10465783625841141, -0.25660228729248047, -0.297644704580307], [0.0, 0.0, 0.0, 1.0]]","[[0.5703166127204895, -0.8191632032394409, 0.06091371178627014, -0.9115423560142517], [-0.6821466088294983, -0.5136237740516663, -0.5204479694366455, 1.0874537229537964], [0.4576186537742615, 0.25526800751686096, -0.8517175316810608, -0.4651479721069336], [0.0, 0.0, 0.0, 1.0]]"
"[[-0.8359301047173264, -0.009135672404870674, 0.5487596326119175, -0.7091875478338873], [-0.04066301365245868, 0.9981443282762044, -0.04532534868884131, 1.3232046594811768], [-0.5473272270911462, -0.060203058109998764, -0.8347504185193779, -0.602828736286418], [0.0, 0.0, 0.0, 1.0]]","[[-0.07445939630270004, 0.807388424873352, 0.5853027105331421, -0.6341240406036377], [0.2675347924232483, 0.5815892219543457, -0.7682310342788696, 1.063798189163208], [-0.9606666564941406, 0.09938666969537735, -0.25930923223495483, -0.29812687635421753], [0.0, 0.0, 0.0, 1.0]]","[[0.71727454662323, -0.6956275105476379, 0.040243443101644516, -0.9097554683685303], [-0.5745906233787537, -0.6231658458709717, -0.5305747985839844, 1.091940999031067], [0.39416080713272095, 0.35744428634643555, -0.846682071685791, -0.4595436751842499], [0.0, 0.0, 0.0, 1.0]]"
"[[-0.8359301047173264, -0.009135672404870674, 0.5487596326119175, -0.7091875478338873], [-0.04066301365245868, 0.9981443282762044, -0.04532534868884131, 1.3232046594811768], [-0.5473272270911462, -0.060203058109998764, -0.8347504185193779, -0.602828736286418], [0.0, 0.0, 0.0, 1.0]]","[[-0.08469516783952713, 0.8059122562408447, 0.5859449505805969, -0.6343173980712891], [0.2618635892868042, 0.5853901505470276, -0.7672975659370422, 1.0642657279968262], [-0.9613810181617737, 0.08845102787017822, -0.2606187164783478, -0.2992897927761078], [0.0, 0.0, 0.0, 1.0]]","[[0.7664386630058289, -0.641258180141449, 0.036872945725917816, -0.9102023243904114], [-0.5362234115600586, -0.6703904867172241, -0.5128747224807739, 1.0954763889312744], [0.3536044657230377, 0.37331488728523254, -0.8576708436012268, -0.45649707317352295], [0.0, 0.0, 0.0, 1.0]]"
"[[-0.8356146182977172, -0.009679784927916399, 0.5492305704872916, -0.7100305432357977], [-0.041883667070019205, 0.9980568881751801, -0.04613295642352023, 1.3234006899488742], [-0.547716801472395, -0.06155318321967334, -0.8343963064467189, -0.6034091477667619], [0.0, 0.0, 0.0, 1.0]]","[[-0.08019054681062698, 0.8068765997886658, 0.5852511525154114, -0.6343311071395874], [0.2614975571632385, 0.5836070775985718, -0.7687792181968689, 1.0647746324539185], [-0.9618667960166931, 0.09139268100261688, -0.25779595971107483, -0.29962918162345886], [0.0, 0.0, 0.0, 1.0]]","[[0.7986916899681091, -0.6009240746498108, 0.03133262321352959, -0.9107921719551086], [-0.5047203302383423, -0.6973592042922974, -0.5088682174682617, 1.0972682237625122], [0.3276413083076477, 0.3906145691871643, -0.8602735996246338, -0.45508208870887756], [0.0, 0.0, 0.0, 1.0]]"
"[[-0.8356146182977172, -0.009679784927916399, 0.5492305704872916, -0.7100305432357977], [-0.041883667070019205, 0.9980568881751801, -0.04613295642352023, 1.3234006899488742], [-0.547716801472395, -0.06155318321967334, -0.8343963064467189, -0.6034091477667619], [0.0, 0.0, 0.0, 1.0]]","[[-0.07975718379020691, 0.8063344359397888, 0.5860574245452881, -0.6341204047203064], [0.2587328851222992, 0.5845263004302979, -0.7690163850784302, 1.0654815435409546], [-0.9626504182815552, 0.09029766172170639, -0.2552453875541687, -0.2998751699924469], [0.0, 0.0, 0.0, 1.0]]","[[0.8155719041824341, -0.5781182646751404, 0.024934248998761177, -0.9119873046875], [-0.48513415455818176, -0.7066125869750977, -0.5151147246360779, 1.0983998775482178], [0.3154161274433136, 0.4080165922641754, -0.8567582964897156, -0.4539385437965393], [0.0, 0.0, 0.0, 1.0]]"
"[[-0.8375834796249914, -0.010072129009873502, 0.5462166627404763, -0.7110217549290165], [-0.04241169414052301, 0.9980113508281979, -0.046632106497897244, 1.3236415819455833], [-0.5446607510092183, -0.062224243685590014, -0.836345019400327, -0.6038260376605736], [0.0, 0.0, 0.0, 1.0]]","[[-0.09760014712810516, 0.8030260801315308, 0.5878967642784119, -0.6323859095573425], [0.2513728737831116, 0.5914552211761475, -0.7661541104316711, 1.0669115781784058], [-0.962956428527832, 0.07300432026386261, -0.2595849931240082, -0.2996894121170044], [0.0, 0.0, 0.0, 1.0]]","[[0.8099450469017029, -0.5840157270431519, 0.0539875291287899, -0.9143984317779541], [-0.47984182834625244, -0.7127631306648254, -0.5115864276885986, 1.100900650024414], [0.3372547924518585, 0.3884514272212982, -0.8575341701507568, -0.4536764919757843], [0.0, 0.0, 0.0, 1.0]]"
"[[-0.8375834796249914, -0.010072129009873502, 0.5462166627404763, -0.7110217549290165], [-0.04241169414052301, 0.9980113508281979, -0.046632106497897244, 1.3236415819455833], [-0.5446607510092183, -0.062224243685590014, -0.836345019400327, -0.6038260376605736], [0.0, 0.0, 0.0, 1.0]]","[[-0.10833707451820374, 0.8014519810676575, 0.5881643891334534, -0.6319651007652283], [0.24150973558425903, 0.5951406955718994, -0.7664727568626404, 1.0678362846374512], [-0.9643317461013794, 0.059009864926338196, -0.25803419947624207, -0.3000677227973938], [0.0, 0.0, 0.0, 1.0]]","[[0.8003513813018799, -0.5943483710289001, 0.07866158336400986, -0.9153280258178711], [-0.4825936555862427, -0.7165240049362183, -0.5036827325820923, 1.1008696556091309], [0.3557259738445282, 0.36516159772872925, -0.8602997064590454, -0.45414653420448303], [0.0, 0.0, 0.0, 1.0]]"
"[[-0.8375834796249914, -0.010072129009873502, 0.5462166627404763, -0.7110217549290165], [-0.04241169414052301, 0.9980113508281979, -0.046632106497897244, 1.3236415819455833], [-0.5446607510092183, -0.062224243685590014, -0.836345019400327, -0.6038260376605736], [0.0, 0.0, 0.0, 1.0]]","[[-0.10296542942523956, 0.8036147952079773, 0.5861750841140747, -0.6321115493774414], [0.24663597345352173, 0.5915308594703674, -0.7676339745521545, 1.0687928199768066], [-0.9636226892471313, 0.06553206592798233, -0.2591075301170349, -0.29942137002944946], [0.0, 0.0, 0.0, 1.0]]","[[0.7783258557319641, -0.6195088028907776, 0.10206672549247742, -0.9166287183761597], [-0.4992682635784149, -0.709255576133728, -0.4976820647716522, 1.1017491817474365], [0.38070985674858093, 0.3364001512527466, -0.8613330721855164, -0.4558677077293396], [0.0, 0.0, 0.0, 1.0]]"
"[[-0.8355953801400279, -0.010206607300582076, 0.5492504999357367, -0.7116216753095813], [-0.03857513504123436, 0.9984495042285942, -0.04013181957271068, 1.3231906942656264], [-0.5479892924112173, -0.05472138044569541, -0.8346934808047197, -0.6037373546028583], [0.0, 0.0, 0.0, 1.0]]","[[-0.0884409099817276, 0.8011063933372498, 0.5919513702392578, -0.6369844079017639], [0.27210918068885803, 0.5911067128181458, -0.7593084573745728, 1.0666329860687256], [-0.9581933617591858, 0.09392135590314865, -0.2702663838863373, -0.30075061321258545], [0.0, 0.0, 0.0, 1.0]]","[[0.7510495185852051, -0.6509172320365906, 0.11059508472681046, -0.9246673583984375], [-0.5150849223136902, -0.6824381351470947, -0.5186185240745544, 1.1010949611663818], [0.41305214166641235, 0.3325423300266266, -0.8478224277496338, -0.4571899473667145], [0.0, 0.0, 0.0, 1.0]]"
"[[-0.8355953801400279, -0.010206607300582076, 0.5492504999357367, -0.7116216753095813], [-0.03857513504123436, 0.9984495042285942, -0.04013181957271068, 1.3231906942656264], [-0.5479892924112173, -0.05472138044569541, -0.8346934808047197, -0.6037373546028583], [0.0, 0.0, 0.0, 1.0]]","[[-0.0837993323802948, 0.8026140928268433, 0.5905824303627014, -0.6374837756156921], [0.26545751094818115, 0.5892314314842224, -0.7631109952926636, 1.065645456314087], [-0.9604734778404236, 0.09282613545656204, -0.2624370753765106, -0.3000769317150116], [0.0, 0.0, 0.0, 1.0]]","[[0.7279208898544312, -0.6731106638908386, 0.13058772683143616, -0.9250692129135132], [-0.5248187780380249, -0.6695305705070496, -0.5256365537643433, 1.1012190580368042], [0.44124409556388855, 0.3140869438648224, -0.8406264185905457, -0.4580973982810974], [0.0, 0.0, 0.0, 1.0]]"
"[[-0.8370932937301223, -0.007410010405109452, 0.5470100642277306, -0.7111848410200736], [-0.03400157756335921, 0.9986797572383895, -0.03850434585281286, 1.3231438582778923], [-0.546002566711753, -0.050830928098479375, -0.836240112598078, -0.6028653834328304], [0.0, 0.0, 0.0, 1.0]]","[[-0.07856539636850357, 0.8034558296203613, 0.5901576280593872, -0.6374986171722412], [0.2640383541584015, 0.5876169204711914, -0.7648463845252991, 1.065247654914856], [-0.9613069295883179, 0.09573372453451157, -0.2583095133304596, -0.300037682056427], [0.0, 0.0, 0.0, 1.0]]","[[0.5636246800422668, -0.8006397485733032, 0.20323140919208527, -0.9242764711380005], [-0.6077937483787537, -0.5685805678367615, -0.5543484091758728, 1.1012603044509888], [0.5593869686126709, 0.18892158567905426, -0.8070898056030273, -0.4597916305065155], [0.0, 0.0, 0.0, 1.0]]"
"[[-0.8370932937301223, -0.007410010405109452, 0.5470100642277306, -0.7111848410200736], [-0.03400157756335921, 0.9986797572383895, -0.03850434585281286, 1.3231438582778923], [-0.546002566711753, -0.050830928098479375, -0.836240112598078, -0.6028653834328304], [0.0, 0.0, 0.0, 1.0]]","[[-0.07918278872966766, 0.8004205822944641, 0.5941853523254395, -0.6369124054908752], [0.26994043588638306, 0.5910042524337769, -0.7601616978645325, 1.0652270317077637], [-0.9596152901649475, 0.10020270198583603, -0.2628631591796875, -0.3005129098892212], [0.0, 0.0, 0.0, 1.0]]","[[-0.34412631392478943, -0.8990908265113831, 0.27057740092277527, -0.9224871397018433], [-0.6588330864906311, 0.025904452428221703, -0.751842737197876, 1.1006051301956177], [0.6689659953117371, -0.4369944632053375, -0.601265013217926, -0.46360263228416443], [0.0, 0.0, 0.0, 1.0]]"
"[[-0.8370932937301223, -0.007410010405109452, 0.5470100642277306, -0.7111848410200736], [-0.03400157756335921, 0.9986797572383895, -0.03850434585281286, 1.3231438582778923], [-0.546002566711753, -0.050830928098479375, -0.836240112598078, -0.6028653834328304], [0.0, 0.0, 0.0, 1.0]]","[[-0.08081865310668945, 0.7987748384475708, 0.596177339553833, -0.6360632181167603], [0.2686294913291931, 0.5934568047523499, -0.7587142586708069, 1.0652132034301758], [-0.9598473310470581, 0.09883266687393188, -0.2625369131565094, -0.30070406198501587], [0.0, 0.0, 0.0, 1.0]]","[[-0.897096574306488, -0.4278128147125244, 0.1104249507188797, -0.9221038222312927], [-0.23040837049484253, 0.2397225946187973, -0.9431039094924927, 1.0975836515426636], [0.3770006000995636, -0.8714982271194458, -0.31362590193748474, -0.4636489450931549], [0.0, 0.0, 0.0, 1.0]]"
"[[-0.8392957473213861, -0.004072125166765721, 0.5436597503821515, -0.7113246603430864], [-0.030215851865597707, 0.9987757800327399, -0.03916585105394792, 1.323160115305189], [-0.5428346954186297, -0.04929888215923861, -0.8383913017588799, -0.6017088050055381], [0.0, 0.0, 0.0, 1.0]]","[[-0.10229013115167618, 0.7979503870010376, 0.5939796566963196, -0.6344305872917175], [0.26564112305641174, 0.5973391532897949, -0.7567170262336731, 1.0651168823242188], [-0.9586300253868103, 0.08038073033094406, -0.2730703353881836, -0.3012550175189972], [0.0, 0.0, 0.0, 1.0]]","[[-0.9075620770454407, -0.22581788897514343, -0.3540303707122803, -0.941020667552948], [0.29898929595947266, 0.24448269605636597, -0.9224064350128174, 1.0963412523269653], [0.2948502004146576, -0.9429923295974731, -0.1543661653995514, -0.4586460590362549], [0.0, 0.0, 0.0, 1.0]]"
"[[-0.8376695502914204, -0.003650763760520918, 0.5461649878342191, -0.7120748466816139], [-0.02866611910125713, 0.99889326080168, -0.03728912062545646, 1.3232736793957454], [-0.5454244033973173, -0.04689240046242876, -0.8368471277191554, -0.6010755592713918], [0.0, 0.0, 0.0, 1.0]]","[[-0.10359359532594681, 0.7994974851608276, 0.5916686654090881, -0.6341658234596252], [0.2608311176300049, 0.5958874225616455, -0.7595295906066895, 1.0654006004333496], [-0.9598099589347839, 0.07564308494329453, -0.2702638804912567, -0.30074554681777954], [0.0, 0.0, 0.0, 1.0]]","[[-0.9100679159164429, -0.21320918202400208, -0.35541120171546936, -0.9415698051452637], [0.3004083037376404, 0.25144821405410767, -0.920069694519043, 1.103489637374878], [0.2855347990989685, -0.9440948963165283, -0.1647847294807434, -0.4615420699119568], [0.0, 0.0, 0.0, 1.0]]"
