Head Pose,Left Arm Pose,Right Arm Pose
"[[0.0, 0.0, 0.0, 0.0], [0.0, 0.0, 0.0, 0.0], [0.0, 0.0, 0.0, 0.0], [0.0, 0.0, 0.0, 0.0]]","[[0.0, 0.0, 0.0, 0.0], [0.0, 0.0, 0.0, 0.0], [0.0, 0.0, 0.0, 0.0], [0.0, 0.0, 0.0, 0.0]]","[[0.0, 0.0, 0.0, 0.0], [0.0, 0.0, 0.0, 0.0], [0.0, 0.0, 0.0, 0.0], [0.0, 0.0, 0.0, 0.0]]"
"[[0.847998304005088, 0.32982091628272336, -0.4148699068225112, -0.5000000000000001], [0.0, 0.7827749746443304, 0.6223048602337666, 0.7499999999999999], [0.5299989400031799, -0.5277134660523575, 0.663791850916018, 0.8000000000000002], [0.0, 0.0, 0.0, 1.0]]","[[0.0, 0.0, 0.0, 0.0], [0.0, 0.0, 0.0, 0.0], [0.0, 0.0, 0.0, 0.0], [0.0, 0.0, 0.0, 0.0]]","[[0.0, 0.0, 0.0, 0.0], [0.0, 0.0, 0.0, 0.0], [0.0, 0.0, 0.0, 0.0], [0.0, 0.0, 0.0, 0.0]]"
"[[1.0, 0.0, 0.0, 0.0], [0.0, 1.0, 0.0, 0.0], [0.0, 0.0, 1.0, 0.0], [0.0, 0.0, 0.0, 1.0]]","[[0.0, 0.0, 0.0, 0.0], [0.0, 0.0, 0.0, 0.0], [0.0, 0.0, 0.0, 0.0], [0.0, 0.0, 0.0, 0.0]]","[[0.0, 0.0, 0.0, 0.0], [0.0, 0.0, 0.0, 0.0], [0.0, 0.0, 0.0, 0.0], [0.0, 0.0, 0.0, 0.0]]"
"[[0.9999866485598727, -0.004161344868194472, 0.003066181035436343, 0.00020401764760903573], [0.004220339908201086, 0.9998010992964662, -0.019492093278595156, 1.1284820252502106], [-0.002984457819067289, 0.01950477269428139, 0.9998053312337734, -0.01653425143272222], [0.0, 0.0, 0.0, 1.0]]","[[0.0, 0.0, 0.0, 0.0], [0.0, 0.0, 0.0, 0.0], [0.0, 0.0, 0.0, 0.0], [0.0, 0.0, 0.0, 0.0]]","[[0.0, 0.0, 0.0, 0.0], [0.0, 0.0, 0.0, 0.0], [0.0, 0.0, 0.0, 0.0], [0.0, 0.0, 0.0, 0.0]]"
"[[0.9999850392342832, -0.003946559465325072, 0.0037914594447112735, 0.00017076691789939198], [0.004019137510263725, 0.9998050928009902, -0.019329506348499493, 1.128549176253725], [-0.003714435426717335, 0.019344455186596676, 0.9998059868917117, -0.01649514306640129], [0.0, 0.0, 0.0, 1.0]]","[[0.6326690912246704, -0.769361674785614, -0.08838789165019989, -0.22325976192951202], [0.3383033573627472, 0.3772406578063965, -0.862113893032074, 0.8387426137924194], [0.6966208815574646, 0.5155308842658997, 0.4989461302757263, -0.1786138415336609], [0.0, 0.0, 0.0, 1.0]]","[[0.5702676773071289, 0.8200899362564087, 0.04740459471940994, 0.15422025322914124], [-0.37830427289009094, 0.31341034173965454, -0.8710107207298279, 0.8400577306747437], [-0.7291643023490906, 0.47877585887908936, 0.48897138237953186, -0.18943887948989868], [0.0, 0.0, 0.0, 1.0]]"
"[[0.9999674558636793, -0.003313178835455544, 0.0073582436796951626, 1.5059472053730814e-05], [0.0034524403177013338, 0.999813616268863, -0.01899454146437796, 1.1285374681973723], [-0.007293940065361231, 0.019019326569507982, 0.9997925162387176, -0.016470977098228298], [0.0, 0.0, 0.0, 1.0]]","[[0.6326690912246704, -0.769361674785614, -0.08838789165019989, -0.22325976192951202], [0.3383033573627472, 0.3772406578063965, -0.862113893032074, 0.8387426137924194], [0.6966208815574646, 0.5155308842658997, 0.4989461302757263, -0.1786138415336609], [0.0, 0.0, 0.0, 1.0]]","[[0.5702676773071289, 0.8200899362564087, 0.04740459471940994, 0.15422025322914124], [-0.37830427289009094, 0.31341034173965454, -0.8710107207298279, 0.8400577306747437], [-0.7291643023490906, 0.47877585887908936, 0.48897138237953186, -0.18943887948989868], [0.0, 0.0, 0.0, 1.0]]"
"[[0.9999647736548687, -0.0030511915299845658, 0.007818019024494933, -2.33672180708326e-05], [0.0031980488367574487, 0.999817371371467, -0.018841339431146017, 1.1285412970220121], [-0.007759102613266667, 0.018865678303500798, 0.9997919201820965, -0.016424350338910074], [0.0, 0.0, 0.0, 1.0]]","[[0.6326690912246704, -0.769361674785614, -0.08838789165019989, -0.22325976192951202], [0.3383033573627472, 0.3772406578063965, -0.862113893032074, 0.8387426137924194], [0.6966208815574646, 0.5155308842658997, 0.4989461302757263, -0.1786138415336609], [0.0, 0.0, 0.0, 1.0]]","[[0.5702676773071289, 0.8200899362564087, 0.04740459471940994, 0.15422025322914124], [-0.37830427289009094, 0.31341034173965454, -0.8710107207298279, 0.8400577306747437], [-0.7291643023490906, 0.47877585887908936, 0.48897138237953186, -0.18943887948989868], [0.0, 0.0, 0.0, 1.0]]"
"[[0.9999647736548687, -0.0030511915299845658, 0.007818019024494933, -2.33672180708326e-05], [0.0031980488367574487, 0.999817371371467, -0.018841339431146017, 1.1285412970220121], [-0.007759102613266667, 0.018865678303500798, 0.9997919201820965, -0.016424350338910074], [0.0, 0.0, 0.0, 1.0]]","[[0.632270336151123, -0.7694789171218872, -0.09020066261291504, -0.2234204262495041], [0.33584344387054443, 0.3771357834339142, -0.8631207346916199, 0.8389928340911865], [0.6981713175773621, 0.5154322385787964, 0.4968763589859009, -0.17841720581054688], [0.0, 0.0, 0.0, 1.0]]","[[0.5669549703598022, 0.8224260210990906, 0.0466637946665287, 0.1538200080394745], [-0.38313010334968567, 0.31341850757598877, -0.8688958883285522, 0.8405837416648865], [-0.7292279005050659, 0.4747464954853058, 0.4927903711795807, -0.18868589401245117], [0.0, 0.0, 0.0, 1.0]]"
"[[0.9999526143059141, -0.002757621938906712, 0.009337616920867535, -0.00010622945224164217], [0.002930463049016791, 0.9998236894605963, -0.01854738406132127, 1.1285266195190167], [-0.009284824296435753, 0.018573869026795375, 0.9997843503968606, -0.01638819183618516], [0.0, 0.0, 0.0, 1.0]]","[[0.632270336151123, -0.7694789171218872, -0.09020066261291504, -0.2234204262495041], [0.33584344387054443, 0.3771357834339142, -0.8631207346916199, 0.8389928340911865], [0.6981713175773621, 0.5154322385787964, 0.4968763589859009, -0.17841720581054688], [0.0, 0.0, 0.0, 1.0]]","[[0.5669549703598022, 0.8224260210990906, 0.0466637946665287, 0.1538200080394745], [-0.38313010334968567, 0.31341850757598877, -0.8688958883285522, 0.8405837416648865], [-0.7292279005050659, 0.4747464954853058, 0.4927903711795807, -0.18868589401245117], [0.0, 0.0, 0.0, 1.0]]"
"[[0.9999459385850081, -0.0027853946924687413, 0.01001650072334044, -0.00016320687623137383], [0.002968991615202928, 0.9998270273160229, -0.01836154584002195, 1.1284857569265139], [-0.009963623474559853, 0.01839029256093802, 0.9997812509607036, -0.016358338628476254], [0.0, 0.0, 0.0, 1.0]]","[[0.632270336151123, -0.7694789171218872, -0.09020066261291504, -0.2234204262495041], [0.33584344387054443, 0.3771357834339142, -0.8631207346916199, 0.8389928340911865], [0.6981713175773621, 0.5154322385787964, 0.4968763589859009, -0.17841720581054688], [0.0, 0.0, 0.0, 1.0]]","[[0.5669549703598022, 0.8224260210990906, 0.0466637946665287, 0.1538200080394745], [-0.38313010334968567, 0.31341850757598877, -0.8688958883285522, 0.8405837416648865], [-0.7292279005050659, 0.4747464954853058, 0.4927903711795807, -0.18868589401245117], [0.0, 0.0, 0.0, 1.0]]"
"[[0.9999312758518283, -0.003005574903631974, 0.01132921380618538, -0.00022571380211298595], [0.003205799982701965, 0.9998382329994174, -0.017696814909245403, 1.1284446543920472], [-0.011274191833343878, 0.01773191772434531, 0.9997792243831296, -0.0162797512282821], [0.0, 0.0, 0.0, 1.0]]","[[0.6330747008323669, -0.768496036529541, -0.092899389564991, -0.22322821617126465], [0.3334716856479645, 0.3790562152862549, -0.8631992340087891, 0.8397826552391052], [0.6985793113708496, 0.5154902338981628, 0.49624255299568176, -0.1777283400297165], [0.0, 0.0, 0.0, 1.0]]","[[0.5654956102371216, 0.823327362537384, 0.048440076410770416, 0.1538291573524475], [-0.3801230192184448, 0.3123067617416382, -0.8706150054931641, 0.8405031561851501], [-0.7319296002388, 0.47391563653945923, 0.48957401514053345, -0.18885870277881622], [0.0, 0.0, 0.0, 1.0]]"
"[[0.9999110698634229, -0.0032759135859610714, 0.01292776080875129, -0.0003336505760784127], [0.0034943272554723353, 0.9998509287786234, -0.016908667686141063, 1.1283724296277584], [-0.012870442614867993, 0.016952337992631877, 0.9997734427565763, -0.016135145941181338], [0.0, 0.0, 0.0, 1.0]]","[[0.6336419582366943, -0.768282413482666, -0.09077402204275131, -0.2231762558221817], [0.33324629068374634, 0.3769530653953552, -0.8642066717147827, 0.8399751782417297], [0.698172390460968, 0.5173474550247192, 0.4948805868625641, -0.17743046581745148], [0.0, 0.0, 0.0, 1.0]]","[[0.5614662766456604, 0.8259503841400146, 0.05061105266213417, 0.15380263328552246], [-0.37939098477363586, 0.3112930357456207, -0.8712972402572632, 0.8405052423477173], [-0.7354032397270203, 0.47000256180763245, 0.4881387948989868, -0.1887746900320053], [0.0, 0.0, 0.0, 1.0]]"
"[[0.9999055266358894, -0.0033929222220897112, 0.013322360653321583, -0.0003550428541916297], [0.003615012163820919, 0.9998543262346322, -0.016681919927084808, 1.12834911511269], [-0.013263819899518657, 0.016728504439508574, 0.9997720718540294, -0.01608038970269916], [0.0, 0.0, 0.0, 1.0]]","[[0.6336419582366943, -0.768282413482666, -0.09077402204275131, -0.2231762558221817], [0.33324629068374634, 0.3769530653953552, -0.8642066717147827, 0.8399751782417297], [0.698172390460968, 0.5173474550247192, 0.4948805868625641, -0.17743046581745148], [0.0, 0.0, 0.0, 1.0]]","[[0.5614662766456604, 0.8259503841400146, 0.05061105266213417, 0.15380263328552246], [-0.37939098477363586, 0.3112930357456207, -0.8712972402572632, 0.8405052423477173], [-0.7354032397270203, 0.47000256180763245, 0.4881387948989868, -0.1887746900320053], [0.0, 0.0, 0.0, 1.0]]"
"[[0.9999055266358894, -0.0033929222220897112, 0.013322360653321583, -0.0003550428541916297], [0.003615012163820919, 0.9998543262346322, -0.016681919927084808, 1.12834911511269], [-0.013263819899518657, 0.016728504439508574, 0.9997720718540294, -0.01608038970269916], [0.0, 0.0, 0.0, 1.0]]","[[0.6329147219657898, -0.7697647213935852, -0.08295365422964096, -0.22308509051799774], [0.33874520659446716, 0.3716699182987213, -0.8643571138381958, 0.8397124409675598], [0.6961829662322998, 0.5189641714096069, 0.4959894120693207, -0.17705434560775757], [0.0, 0.0, 0.0, 1.0]]","[[0.5614662766456604, 0.8259503841400146, 0.05061105266213417, 0.15380263328552246], [-0.37939098477363586, 0.3112930357456207, -0.8712972402572632, 0.8405052423477173], [-0.7354032397270203, 0.47000256180763245, 0.4881387948989868, -0.1887746900320053], [0.0, 0.0, 0.0, 1.0]]"
"[[0.9999055266358894, -0.0033929222220897112, 0.013322360653321583, -0.0003550428541916297], [0.003615012163820919, 0.9998543262346322, -0.016681919927084808, 1.12834911511269], [-0.013263819899518657, 0.016728504439508574, 0.9997720718540294, -0.01608038970269916], [0.0, 0.0, 0.0, 1.0]]","[[0.6329147219657898, -0.7697647213935852, -0.08295365422964096, -0.22308509051799774], [0.33874520659446716, 0.3716699182987213, -0.8643571138381958, 0.8397124409675598], [0.6961829662322998, 0.5189641714096069, 0.4959894120693207, -0.17705434560775757], [0.0, 0.0, 0.0, 1.0]]","[[0.5623295307159424, 0.825444221496582, 0.049267470836639404, 0.15356653928756714], [-0.38045820593833923, 0.31116437911987305, -0.8708779215812683, 0.8404808044433594], [-0.7341914176940918, 0.47097617387771606, 0.48902395367622375, -0.18863773345947266], [0.0, 0.0, 0.0, 1.0]]"
"[[0.9998902678528432, -0.0037836597599752177, 0.014324490257289048, -0.0003935140752606602], [0.004014061780580141, 0.9998624920934376, -0.016090041575845912, 1.1282827660538928], [-0.014261641263280282, 0.0161457745452555, 0.9997679591050883, -0.01587437059887814], [0.0, 0.0, 0.0, 1.0]]","[[0.6329147219657898, -0.7697647213935852, -0.08295365422964096, -0.22308509051799774], [0.33874520659446716, 0.3716699182987213, -0.8643571138381958, 0.8397124409675598], [0.6961829662322998, 0.5189641714096069, 0.4959894120693207, -0.17705434560775757], [0.0, 0.0, 0.0, 1.0]]","[[0.5623295307159424, 0.825444221496582, 0.049267470836639404, 0.15356653928756714], [-0.38045820593833923, 0.31116437911987305, -0.8708779215812683, 0.8404808044433594], [-0.7341914176940918, 0.47097617387771606, 0.48902395367622375, -0.18863773345947266], [0.0, 0.0, 0.0, 1.0]]"
"[[0.999881982803094, -0.004198234540867854, 0.014778307618242725, -0.00037097109806677345], [0.004429143840920877, 0.9998680949213281, -0.015626989322151737, 1.1282578929178149], [-0.014710752314287201, 0.015690600482378404, 0.9997686743736666, -0.015726156832539216], [0.0, 0.0, 0.0, 1.0]]","[[0.6329147219657898, -0.7697647213935852, -0.08295365422964096, -0.22308509051799774], [0.33874520659446716, 0.3716699182987213, -0.8643571138381958, 0.8397124409675598], [0.6961829662322998, 0.5189641714096069, 0.4959894120693207, -0.17705434560775757], [0.0, 0.0, 0.0, 1.0]]","[[0.5623295307159424, 0.825444221496582, 0.049267470836639404, 0.15356653928756714], [-0.38045820593833923, 0.31116437911987305, -0.8708779215812683, 0.8404808044433594], [-0.7341914176940918, 0.47097617387771606, 0.48902395367622375, -0.18863773345947266], [0.0, 0.0, 0.0, 1.0]]"
"[[0.9998703002929274, -0.00432433901601656, 0.015512402121984384, -0.000376681754491475], [0.004562325624141855, 0.9998719096147938, -0.015339258868182486, 1.1282165965902917], [-0.015444083186722378, 0.015408042077039875, 0.9997619986570636, -0.015456521975592948], [0.0, 0.0, 0.0, 1.0]]","[[0.634592592716217, -0.7681636810302734, -0.08495158702135086, -0.22368121147155762], [0.3413158655166626, 0.3771798014640808, -0.8609522581100464, 0.8401578664779663], [0.6933943033218384, 0.5173585414886475, 0.5015419721603394, -0.17553609609603882], [0.0, 0.0, 0.0, 1.0]]","[[0.559219479560852, 0.8275197744369507, 0.049847498536109924, 0.15341369807720184], [-0.378962904214859, 0.3086470663547516, -0.8724244236946106, 0.8404102921485901], [-0.7373335957527161, 0.46898648142814636, 0.48620063066482544, -0.18849730491638184], [0.0, 0.0, 0.0, 1.0]]"
"[[0.9998669028140265, -0.004312768497221292, 0.015735431623681673, -0.00037318117854200897], [0.0045507318222000005, 0.9998753666902354, -0.015118437026766489, 1.128209914134487], [-0.015668268266097435, 0.015188032622309965, 0.9997618794559026, -0.015352813783897468], [0.0, 0.0, 0.0, 1.0]]","[[0.634592592716217, -0.7681636810302734, -0.08495158702135086, -0.22368121147155762], [0.3413158655166626, 0.3771798014640808, -0.8609522581100464, 0.8401578664779663], [0.6933943033218384, 0.5173585414886475, 0.5015419721603394, -0.17553609609603882], [0.0, 0.0, 0.0, 1.0]]","[[0.5543979406356812, 0.8305523991584778, 0.05315544083714485, 0.1531662493944168], [-0.37653857469558716, 0.30727484822273254, -0.8739568591117859, 0.840575098991394], [-0.7422004342079163, 0.46450474858283997, 0.4830876588821411, -0.18866997957229614], [0.0, 0.0, 0.0, 1.0]]"
"[[0.9998633265423355, -0.004225188350837226, 0.01598232009422589, -0.000369438635827217], [0.004464005635519031, 0.9998784661314839, -0.014936551582987097, 1.1281920320251269], [-0.01591726808834267, 0.015005855689769004, 0.9997606873562666, -0.015246412649819754], [0.0, 0.0, 0.0, 1.0]]","[[0.634592592716217, -0.7681636810302734, -0.08495158702135086, -0.22368121147155762], [0.3413158655166626, 0.3771798014640808, -0.8609522581100464, 0.8401578664779663], [0.6933943033218384, 0.5173585414886475, 0.5015419721603394, -0.17553609609603882], [0.0, 0.0, 0.0, 1.0]]","[[0.5543979406356812, 0.8305523991584778, 0.05315544083714485, 0.1531662493944168], [-0.37653857469558716, 0.30727484822273254, -0.8739568591117859, 0.840575098991394], [-0.7422004342079163, 0.46450474858283997, 0.4830876588821411, -0.18866997957229614], [0.0, 0.0, 0.0, 1.0]]"
"[[0.9998607039429256, -0.004184754585702789, 0.016159182270003736, -0.00035960629142721894], [0.004425071159522164, 0.9998797178253718, -0.014864815306230237, 1.1281871043055056], [-0.016095033059881737, 0.014934249315099062, 0.9997589588202429, -0.01511546665172141], [0.0, 0.0, 0.0, 1.0]]","[[0.634592592716217, -0.7681636810302734, -0.08495158702135086, -0.22368121147155762], [0.3413158655166626, 0.3771798014640808, -0.8609522581100464, 0.8401578664779663], [0.6933943033218384, 0.5173585414886475, 0.5015419721603394, -0.17553609609603882], [0.0, 0.0, 0.0, 1.0]]","[[0.5543979406356812, 0.8305523991584778, 0.05315544083714485, 0.1531662493944168], [-0.37653857469558716, 0.30727484822273254, -0.8739568591117859, 0.840575098991394], [-0.7422004342079163, 0.46450474858283997, 0.4830876588821411, -0.18866997957229614], [0.0, 0.0, 0.0, 1.0]]"
"[[0.9998607039429256, -0.004184754585702789, 0.016159182270003736, -0.00035960629142721894], [0.004425071159522164, 0.9998797178253718, -0.014864815306230237, 1.1281871043055056], [-0.016095033059881737, 0.014934249315099062, 0.9997589588202429, -0.01511546665172141], [0.0, 0.0, 0.0, 1.0]]","[[0.6372876763343811, -0.7660208344459534, -0.08412136137485504, -0.22377897799015045], [0.3417871594429016, 0.37879619002342224, -0.8600552082061768, 0.8404397964477539], [0.6906850934028625, 0.5193509459495544, 0.5032182931900024, -0.1751147210597992], [0.0, 0.0, 0.0, 1.0]]","[[0.5546070337295532, 0.8302977681159973, 0.05492382124066353, 0.15321187674999237], [-0.3756023347377777, 0.30869337916374207, -0.8738600015640259, 0.8407332897186279], [-0.7425186038017273, 0.46401938796043396, 0.48306530714035034, -0.1885625720024109], [0.0, 0.0, 0.0, 1.0]]"
"[[0.9998501539070668, -0.0036536476124058048, 0.016921433604552442, -0.0003068810593783023], [0.0038998969815691427, 0.9998866319623735, -0.014542444386066215, 1.1281675838841954], [-0.01686638315837177, 0.014606257192312472, 0.9997510314180448, -0.014743242381664204], [0.0, 0.0, 0.0, 1.0]]","[[0.6372876763343811, -0.7660208344459534, -0.08412136137485504, -0.22377897799015045], [0.3417871594429016, 0.37879619002342224, -0.8600552082061768, 0.8404397964477539], [0.6906850934028625, 0.5193509459495544, 0.5032182931900024, -0.1751147210597992], [0.0, 0.0, 0.0, 1.0]]","[[0.5546070337295532, 0.8302977681159973, 0.05492382124066353, 0.15321187674999237], [-0.3756023347377777, 0.30869337916374207, -0.8738600015640259, 0.8407332897186279], [-0.7425186038017273, 0.46401938796043396, 0.48306530714035034, -0.1885625720024109], [0.0, 0.0, 0.0, 1.0]]"
"[[0.9998484849833236, -0.0037527699996212044, 0.01699928693791687, -0.00028670696241065027], [0.004000206846328683, 0.9998862147317187, -0.014545174244399486, 1.1281730999490822], [-0.016942768019234538, 0.014610970463995518, 0.9997497201077044, -0.01457840257361983], [0.0, 0.0, 0.0, 1.0]]","[[0.6372876763343811, -0.7660208344459534, -0.08412136137485504, -0.22377897799015045], [0.3417871594429016, 0.37879619002342224, -0.8600552082061768, 0.8404397964477539], [0.6906850934028625, 0.5193509459495544, 0.5032182931900024, -0.1751147210597992], [0.0, 0.0, 0.0, 1.0]]","[[0.5546070337295532, 0.8302977681159973, 0.05492382124066353, 0.15321187674999237], [-0.3756023347377777, 0.30869337916374207, -0.8738600015640259, 0.8407332897186279], [-0.7425186038017273, 0.46401938796043396, 0.48306530714035034, -0.1885625720024109], [0.0, 0.0, 0.0, 1.0]]"
"[[0.9998436570241465, -0.0034421268803925442, 0.017342450505779042, -0.00025053374594222975], [0.003692268538296114, 0.9998893141754681, -0.014412354755325457, 1.1281684608267497], [-0.017290921473219152, 0.014474134814815388, 0.9997457265771849, -0.014289004886685174], [0.0, 0.0, 0.0, 1.0]]","[[0.6362048983573914, -0.7669721841812134, -0.0836474746465683, -0.2238691747188568], [0.34569159150123596, 0.3803079128265381, -0.8578246235847473, 0.8405249118804932], [0.6897395253181458, 0.5168359279632568, 0.5070896744728088, -0.17454928159713745], [0.0, 0.0, 0.0, 1.0]]","[[0.5550229549407959, 0.8299049735069275, 0.056631166487932205, 0.15312795341014862], [-0.3728455901145935, 0.3090537488460541, -0.8749123811721802, 0.8409351706504822], [-0.7435963749885559, 0.4644816815853119, 0.4809584319591522, -0.18873322010040283], [0.0, 0.0, 0.0, 1.0]]"
"[[0.9998429417635682, -0.0028475637254253084, 0.01749101668010068, -0.0001531257693112879], [0.003097867343114312, 0.9998929500575766, -0.014300029699928194, 1.1281377881360857], [-0.017448423287173987, 0.014351968678408239, 0.9997447729089236, -0.013974394382320232], [0.0, 0.0, 0.0, 1.0]]","[[0.6370556354522705, -0.7656094431877136, -0.0894552543759346, -0.22464606165885925], [0.3387143313884735, 0.3822924494743347, -0.8597238063812256, 0.8405558466911316], [0.6924107670783997, 0.5173920392990112, 0.5028644800186157, -0.1745103895664215], [0.0, 0.0, 0.0, 1.0]]","[[0.5540211200714111, 0.8303598761558533, 0.05969119817018509, 0.15313270688056946], [-0.3751772940158844, 0.31304070353507996, -0.8724949359893799, 0.8413522243499756], [-0.7431706190109253, 0.46098583936691284, 0.4849633574485779, -0.1885184347629547], [0.0, 0.0, 0.0, 1.0]]"
"[[0.9998425245299315, -0.0026781801215928344, 0.01754217044088731, -0.0001316929414210341], [0.002922877195515083, 0.9998986124944016, -0.013938328838470439, 1.1281378160446283], [-0.01750306218292822, 0.013987408363697091, 0.9997489452395962, -0.013772443713248685], [0.0, 0.0, 0.0, 1.0]]","[[0.6370556354522705, -0.7656094431877136, -0.0894552543759346, -0.22464606165885925], [0.3387143313884735, 0.3822924494743347, -0.8597238063812256, 0.8405558466911316], [0.6924107670783997, 0.5173920392990112, 0.5028644800186157, -0.1745103895664215], [0.0, 0.0, 0.0, 1.0]]","[[0.5540211200714111, 0.8303598761558533, 0.05969119817018509, 0.15313270688056946], [-0.3751772940158844, 0.31304070353507996, -0.8724949359893799, 0.8413522243499756], [-0.7431706190109253, 0.46098583936691284, 0.4849633574485779, -0.1885184347629547], [0.0, 0.0, 0.0, 1.0]]"
"[[0.9998424053206749, -0.0024071654683488443, 0.01758867138137468, -8.48668909448857e-05], [0.0026482867629689126, 0.9999026656148617, -0.013698491250326267, 1.1281038805237167], [-0.017553985034326234, 0.013742912578235041, 0.9997514486300396, -0.013592294191117245], [0.0, 0.0, 0.0, 1.0]]","[[0.6370556354522705, -0.7656094431877136, -0.0894552543759346, -0.22464606165885925], [0.3387143313884735, 0.3822924494743347, -0.8597238063812256, 0.8405558466911316], [0.6924107670783997, 0.5173920392990112, 0.5028644800186157, -0.1745103895664215], [0.0, 0.0, 0.0, 1.0]]","[[0.5540211200714111, 0.8303598761558533, 0.05969119817018509, 0.15313270688056946], [-0.3751772940158844, 0.31304070353507996, -0.8724949359893799, 0.8413522243499756], [-0.7431706190109253, 0.46098583936691284, 0.4849633574485779, -0.1885184347629547], [0.0, 0.0, 0.0, 1.0]]"
"[[0.9998416900611338, -0.0019842222585250056, 0.01768278876942668, 8.590601553843031e-06], [0.002220030010594017, 0.9999087452904034, -0.013325801225440958, 1.1280291397653823], [-0.017654733856496463, 0.013362947745186819, 0.9997548460968188, -0.013200554432080187], [0.0, 0.0, 0.0, 1.0]]","[[0.6370556354522705, -0.7656094431877136, -0.0894552543759346, -0.22464606165885925], [0.3387143313884735, 0.3822924494743347, -0.8597238063812256, 0.8405558466911316], [0.6924107670783997, 0.5173920392990112, 0.5028644800186157, -0.1745103895664215], [0.0, 0.0, 0.0, 1.0]]","[[0.5540211200714111, 0.8303598761558533, 0.05969119817018509, 0.15313270688056946], [-0.3751772940158844, 0.31304070353507996, -0.8724949359893799, 0.8413522243499756], [-0.7431706190109253, 0.46098583936691284, 0.4849633574485779, -0.1885184347629547], [0.0, 0.0, 0.0, 1.0]]"
"[[0.9998416900611338, -0.0019842222585250056, 0.01768278876942668, 8.590601553843031e-06], [0.002220030010594017, 0.9999087452904034, -0.013325801225440958, 1.1280291397653823], [-0.017654733856496463, 0.013362947745186819, 0.9997548460968188, -0.013200554432080187], [0.0, 0.0, 0.0, 1.0]]","[[0.6381350159645081, -0.7646486163139343, -0.08997815102338791, -0.22482557594776154], [0.3389219045639038, 0.3839172422885895, -0.8589175343513489, 0.8411075472831726], [0.6913143992424011, 0.517609715461731, 0.5041472911834717, -0.17415326833724976], [0.0, 0.0, 0.0, 1.0]]","[[0.5501475930213928, 0.8327822089195251, 0.061734508723020554, 0.15323632955551147], [-0.37647005915641785, 0.3133309483528137, -0.8718335032463074, 0.8414400219917297], [-0.7453909516334534, 0.4563957750797272, 0.4858960211277008, -0.18850606679916382], [0.0, 0.0, 0.0, 1.0]]"
"[[0.999840855597268, -0.0018255471328198897, 0.017746871277842566, 5.8364777671713415e-05], [0.0020570334203615817, 0.9999129176169695, -0.013034285265972612, 1.1279907992741633], [-0.01772153197213647, 0.013068716753253934, 0.9997575283032433, -0.013001864234474986], [0.0, 0.0, 0.0, 1.0]]","[[0.6381350159645081, -0.7646486163139343, -0.08997815102338791, -0.22482557594776154], [0.3389219045639038, 0.3839172422885895, -0.8589175343513489, 0.8411075472831726], [0.6913143992424011, 0.517609715461731, 0.5041472911834717, -0.17415326833724976], [0.0, 0.0, 0.0, 1.0]]","[[0.5501475930213928, 0.8327822089195251, 0.061734508723020554, 0.15323632955551147], [-0.37647005915641785, 0.3133309483528137, -0.8718335032463074, 0.8414400219917297], [-0.7453909516334534, 0.4563957750797272, 0.4858960211277008, -0.18850606679916382], [0.0, 0.0, 0.0, 1.0]]"
"[[0.9998402595496059, -0.001396081528179758, 0.017820376768107337, 0.00015039973921209226], [0.0016134694437305998, 0.9999244213102981, -0.01219029630445273, 1.1278875416666083], [-0.017802011356358605, 0.012217101651203321, 0.9997668862368089, -0.012562801866559167], [0.0, 0.0, 0.0, 1.0]]","[[0.6381350159645081, -0.7646486163139343, -0.08997815102338791, -0.22482557594776154], [0.3389219045639038, 0.3839172422885895, -0.8589175343513489, 0.8411075472831726], [0.6913143992424011, 0.517609715461731, 0.5041472911834717, -0.17415326833724976], [0.0, 0.0, 0.0, 1.0]]","[[0.5501475930213928, 0.8327822089195251, 0.061734508723020554, 0.15323632955551147], [-0.37647005915641785, 0.3133309483528137, -0.8718335032463074, 0.8414400219917297], [-0.7453909516334534, 0.4563957750797272, 0.4858960211277008, -0.18850606679916382], [0.0, 0.0, 0.0, 1.0]]"
"[[0.9998402595496059, -0.001396081528179758, 0.017820376768107337, 0.00015039973921209226], [0.0016134694437305998, 0.9999244213102981, -0.01219029630445273, 1.1278875416666083], [-0.017802011356358605, 0.012217101651203321, 0.9997668862368089, -0.012562801866559167], [0.0, 0.0, 0.0, 1.0]]","[[0.6387066841125488, -0.7635617852210999, -0.09501121193170547, -0.22529156506061554], [0.3324260413646698, 0.3851900100708008, -0.8608841300010681, 0.8420758247375488], [0.6939356327056885, 0.5182682275772095, 0.4998512864112854, -0.17381051182746887], [0.0, 0.0, 0.0, 1.0]]","[[0.5501475930213928, 0.8327822089195251, 0.061734508723020554, 0.15323632955551147], [-0.37647005915641785, 0.3133309483528137, -0.8718335032463074, 0.8414400219917297], [-0.7453909516334534, 0.4563957750797272, 0.4858960211277008, -0.18850606679916382], [0.0, 0.0, 0.0, 1.0]]"
"[[0.9998406171670502, -0.000648481757813148, 0.017842929092191376, 0.0003048820213158771], [0.0008431570739811149, 0.9999401569357794, -0.010905140930752457, 1.1277239599992006], [-0.017834790769077652, 0.010918446896632019, 0.9997813105720088, -0.011860130541651037], [0.0, 0.0, 0.0, 1.0]]","[[0.6387066841125488, -0.7635617852210999, -0.09501121193170547, -0.22529156506061554], [0.3324260413646698, 0.3851900100708008, -0.8608841300010681, 0.8420758247375488], [0.6939356327056885, 0.5182682275772095, 0.4998512864112854, -0.17381051182746887], [0.0, 0.0, 0.0, 1.0]]","[[0.5453581213951111, 0.8351089954376221, 0.07195454835891724, 0.1533629298210144], [-0.3745255172252655, 0.31957510113716125, -0.870403528213501, 0.842917799949646], [-0.7498767375946045, 0.4477328062057495, 0.4870525300502777, -0.18832677602767944], [0.0, 0.0, 0.0, 1.0]]"
"[[0.9998406171670502, -0.000648481757813148, 0.017842929092191376, 0.0003048820213158771], [0.0008431570739811149, 0.9999401569357794, -0.010905140930752457, 1.1277239599992006], [-0.017834790769077652, 0.010918446896632019, 0.9997813105720088, -0.011860130541651037], [0.0, 0.0, 0.0, 1.0]]","[[0.6394379734992981, -0.7622942328453064, -0.10013195127248764, -0.22569064795970917], [0.33058488368988037, 0.39018553495407104, -0.8593419790267944, 0.8425672054290771], [0.6941416263580322, 0.5163937211036682, 0.501502513885498, -0.17383289337158203], [0.0, 0.0, 0.0, 1.0]]","[[0.5453581213951111, 0.8351089954376221, 0.07195454835891724, 0.1533629298210144], [-0.3745255172252655, 0.31957510113716125, -0.870403528213501, 0.842917799949646], [-0.7498767375946045, 0.4477328062057495, 0.4870525300502777, -0.18832677602767944], [0.0, 0.0, 0.0, 1.0]]"
"[[0.9998392462668425, -0.00033074095922233876, 0.017928233025412695, 0.0003560144291641223], [0.0005165643865923379, 0.9999461770055519, -0.010361208558517266, 1.127652120217063], [-0.017923841597695226, 0.010368803537947368, 0.9997856020991525, -0.011623730025655102], [0.0, 0.0, 0.0, 1.0]]","[[0.6394379734992981, -0.7622942328453064, -0.10013195127248764, -0.22569064795970917], [0.33058488368988037, 0.39018553495407104, -0.8593419790267944, 0.8425672054290771], [0.6941416263580322, 0.5163937211036682, 0.501502513885498, -0.17383289337158203], [0.0, 0.0, 0.0, 1.0]]","[[0.5525338053703308, 0.8298333883285522, 0.07799258083105087, 0.15381477773189545], [-0.3707570433616638, 0.3285083472728729, -0.8686894178390503, 0.8437355160713196], [-0.7464888095855713, 0.45106393098831177, 0.4891785979270935, -0.18821993470191956], [0.0, 0.0, 0.0, 1.0]]"
"[[0.999838292606676, -9.759875587630325e-05, 0.017983623291147065, 0.00039719402041436667], [0.0002742397201086837, 0.9999517202431227, -0.009820119095216243, 1.1275924186961095], [-0.01798179701458185, 0.009823462377121025, 0.9997900724277581, -0.011356192333174388], [0.0, 0.0, 0.0, 1.0]]","[[0.6372619867324829, -0.7639350891113281, -0.10149113088846207, -0.22596605122089386], [0.33275529742240906, 0.39155113697052, -0.8578821420669556, 0.8431803584098816], [0.6951051354408264, 0.5129240155220032, 0.5037240386009216, -0.173782080411911], [0.0, 0.0, 0.0, 1.0]]","[[0.5525338053703308, 0.8298333883285522, 0.07799258083105087, 0.15381477773189545], [-0.3707570433616638, 0.3285083472728729, -0.8686894178390503, 0.8437355160713196], [-0.7464888095855713, 0.45106393098831177, 0.4891785979270935, -0.18821993470191956], [0.0, 0.0, 0.0, 1.0]]"
"[[0.9998327493599592, 0.0006402580267177934, 0.01827617697452041, 0.0005132272996196697], [-0.0004923987934006339, 0.9999670982368315, -0.008093625400218421, 1.1274283909171663], [-0.018280757963314312, 0.008083272632208415, 0.9998002052367624, -0.010544658962826699], [0.0, 0.0, 0.0, 1.0]]","[[0.6372619867324829, -0.7639350891113281, -0.10149113088846207, -0.22596605122089386], [0.33275529742240906, 0.39155113697052, -0.8578821420669556, 0.8431803584098816], [0.6951051354408264, 0.5129240155220032, 0.5037240386009216, -0.173782080411911], [0.0, 0.0, 0.0, 1.0]]","[[0.5562208890914917, 0.8269648551940918, 0.08214319497346878, 0.15407513082027435], [-0.37263256311416626, 0.3365364968776703, -0.864805281162262, 0.8449208736419678], [-0.7428077459335327, 0.4504135549068451, 0.4953426420688629, -0.1880732923746109], [0.0, 0.0, 0.0, 1.0]]"
"[[0.9998177885968982, 0.0013916394751019867, 0.019038177814964048, 0.0006961450308581541], [-0.0012664131276808588, 0.9999774694449625, -0.0065881210512126675, 1.1272979551841733], [-0.019046917769428517, 0.006562810284772996, 0.99979704618787, -0.00939585610194189], [0.0, 0.0, 0.0, 1.0]]","[[0.6389269828796387, -0.7623907327651978, -0.10262873768806458, -0.22613246738910675], [0.33410507440567017, 0.3951869606971741, -0.8556874990463257, 0.8438933491706848], [0.692925751209259, 0.5124329924583435, 0.5072142481803894, -0.17365822196006775], [0.0, 0.0, 0.0, 1.0]]","[[0.5617605447769165, 0.8228837847709656, 0.08536588400602341, 0.15477004647254944], [-0.3674222230911255, 0.34060990810394287, -0.8654395937919617, 0.8457702398300171], [-0.741232693195343, 0.4548044204711914, 0.4936870336532593, -0.18858292698860168], [0.0, 0.0, 0.0, 1.0]]"
"[[0.9997813701577826, 0.0019190746244964784, 0.02082054850409907, 0.0009456428386760053], [-0.001823206723016723, 0.9999876618383385, -0.0046224882649800484, 1.1271613481688092], [-0.02082916188289244, 0.004583517572788271, 0.9997725486809043, -0.007546815133494894], [0.0, 0.0, 0.0, 1.0]]","[[0.643497109413147, -0.757938802242279, -0.106959268450737, -0.22619183361530304], [0.32611823081970215, 0.397888720035553, -0.8575146794319153, 0.8459202647209167], [0.6925015449523926, 0.5169268250465393, 0.503217875957489, -0.17303787171840668], [0.0, 0.0, 0.0, 1.0]]","[[0.5666756629943848, 0.8193210363388062, 0.08712978661060333, 0.15625937283039093], [-0.3644019663333893, 0.34406015276908875, -0.8653517365455627, 0.8478144407272339], [-0.7389788627624512, 0.458623468875885, 0.49353280663490295, -0.1895172894001007], [0.0, 0.0, 0.0, 1.0]]"
"[[0.9997476935415286, 0.0020596073320613513, 0.022367691746337452, 0.0010854395193761936], [-0.001986370623622715, 0.9999926090239187, -0.0032959419568178456, 1.1270259341707178], [-0.022374315062181908, 0.0032506799525472132, 0.9997443556758242, -0.006235422589566185], [0.0, 0.0, 0.0, 1.0]]","[[0.6473568081855774, -0.7537227869033813, -0.11327385157346725, -0.22663475573062897], [0.3184613883495331, 0.4025011956691742, -0.8582394123077393, 0.8465756177902222], [0.6924675703048706, 0.519513726234436, 0.5005936026573181, -0.17289884388446808], [0.0, 0.0, 0.0, 1.0]]","[[0.5688052773475647, 0.8179579377174377, 0.08605341613292694, 0.15669144690036774], [-0.36173924803733826, 0.34276342391967773, -0.8669819235801697, 0.849043071269989], [-0.7386508584022522, 0.46201494336128235, 0.4908532500267029, -0.18967761099338531], [0.0, 0.0, 0.0, 1.0]]"
"[[0.9997076988363521, 0.001720667603981063, 0.024115022864494517, 0.0012450216942813963], [-0.0016857336539809254, 0.999997496604877, -0.0014688918545385438, 1.1268642661551789], [-0.02411748968407136, 0.0014278109938362996, 0.9997081160402475, -0.004813504882970724], [0.0, 0.0, 0.0, 1.0]]","[[0.6530807018280029, -0.749894380569458, -0.1055651530623436, -0.2262774407863617], [0.3238138258457184, 0.40254083275794983, -0.85621577501297, 0.848395049571991], [0.6845657229423523, 0.5249944925308228, 0.5057178139686584, -0.17049074172973633], [0.0, 0.0, 0.0, 1.0]]","[[0.5640350580215454, 0.8208620548248291, 0.08972202241420746, 0.15770995616912842], [-0.3555658161640167, 0.3394998013973236, -0.8708117008209229, 0.8513891696929932], [-0.7452768087387085, 0.4592663049697876, 0.4833602011203766, -0.18989238142967224], [0.0, 0.0, 0.0, 1.0]]"
"[[0.999636769293285, 0.0018959198631439509, 0.026884155297075406, 0.0014892258483313256], [-0.001928731960235148, 0.999997437000306, 0.0011946210441496448, 1.1266688587568787], [-0.026881821504439213, -0.0012460394492987323, 0.999637842179764, -0.0023737544051884163], [0.0, 0.0, 0.0, 1.0]]","[[0.6570367217063904, -0.7463135123252869, -0.10639005899429321, -0.22696706652641296], [0.31957849860191345, 0.4035644829273224, -0.8573244214057922, 0.8499019742012024], [0.6827681064605713, 0.5292935967445374, 0.5036624670028687, -0.16911466419696808], [0.0, 0.0, 0.0, 1.0]]","[[0.5668858885765076, 0.818659245967865, 0.09185519069433212, 0.15835459530353546], [-0.3483907878398895, 0.3392864167690277, -0.8737897276878357, 0.8532911539077759], [-0.7465013265609741, 0.46333757042884827, 0.47755005955696106, -0.18922489881515503], [0.0, 0.0, 0.0, 1.0]]"
"[[0.9995791315846314, 0.0016428434352147355, 0.02896347391685935, 0.0017356164018700179], [-0.0017302500021887052, 0.9999940395354948, 0.0029930167057268765, 1.1265227145225674], [-0.02895838458755522, -0.0030418711557335726, 0.999575972575703, -0.0004537592986375433], [0.0, 0.0, 0.0, 1.0]]","[[0.6608209609985352, -0.742644190788269, -0.10860538482666016, -0.22705720365047455], [0.31668025255203247, 0.40707966685295105, -0.8567377328872681, 0.8507146835327148], [0.6804624795913696, 0.5317569971084595, 0.5041876435279846, -0.1678469032049179], [0.0, 0.0, 0.0, 1.0]]","[[0.5706725120544434, 0.8156173229217529, 0.09539926052093506, 0.1590343713760376], [-0.3392108976840973, 0.33993545174598694, -0.8771427869796753, 0.8558946847915649], [-0.7478426694869995, 0.46820068359375, 0.47065824270248413, -0.18755796551704407], [0.0, 0.0, 0.0, 1.0]]"
"[[0.9995645284687195, 0.0016943589622808808, 0.029460152730566284, 0.0018074117212058963], [-0.0017937473415674463, 0.9999927878383341, 0.0033475536294953465, 1.1264849119561653], [-0.029454268395680168, -0.003398939883269227, 0.9995603561363356, 8.079649562682187e-05], [0.0, 0.0, 0.0, 1.0]]","[[0.6608209609985352, -0.742644190788269, -0.10860538482666016, -0.22705720365047455], [0.31668025255203247, 0.40707966685295105, -0.8567377328872681, 0.8507146835327148], [0.6804624795913696, 0.5317569971084595, 0.5041876435279846, -0.1678469032049179], [0.0, 0.0, 0.0, 1.0]]","[[0.5706725120544434, 0.8156173229217529, 0.09539926052093506, 0.1590343713760376], [-0.3392108976840973, 0.33993545174598694, -0.8771427869796753, 0.8558946847915649], [-0.7478426694869995, 0.46820068359375, 0.47065824270248413, -0.18755796551704407], [0.0, 0.0, 0.0, 1.0]]"
"[[0.9994930029103064, 0.0016376914218295575, 0.031796288334002124, 0.0021571318214900657], [-0.0017931939573731074, 0.9999865889545136, 0.004862690268292274, 1.1263885074432158], [-0.03178789780272043, -0.004917242174760259, 0.9994825124557003, 0.002388531028500916], [0.0, 0.0, 0.0, 1.0]]","[[0.661010205745697, -0.7420679330825806, -0.11135795712471008, -0.22722917795181274], [0.31305593252182007, 0.40758949518203735, -0.8578266501426697, 0.8514700531959534], [0.6819540858268738, 0.532170832157135, 0.5017296671867371, -0.16703754663467407], [0.0, 0.0, 0.0, 1.0]]","[[0.5677744746208191, 0.8174547553062439, 0.09695291519165039, 0.15951843559741974], [-0.3346169590950012, 0.33679720759391785, -0.8801131844520569, 0.8564555644989014], [-0.7521061301231384, 0.46726372838020325, 0.46475908160209656, -0.1873079538345337], [0.0, 0.0, 0.0, 1.0]]"
"[[0.9994356036014668, 0.001392586238957194, 0.03356445157258387, 0.002395983825214951], [-0.0015844250206880305, 0.9999825358396285, 0.0056896126768987785, 1.126315822636732], [-0.033555944028211895, -0.0057395816840726714, 0.9994203448461686, 0.004252655878881503], [0.0, 0.0, 0.0, 1.0]]","[[0.661010205745697, -0.7420679330825806, -0.11135795712471008, -0.22722917795181274], [0.31305593252182007, 0.40758949518203735, -0.8578266501426697, 0.8514700531959534], [0.6819540858268738, 0.532170832157135, 0.5017296671867371, -0.16703754663467407], [0.0, 0.0, 0.0, 1.0]]","[[0.5677744746208191, 0.8174547553062439, 0.09695291519165039, 0.15951843559741974], [-0.3346169590950012, 0.33679720759391785, -0.8801131844520569, 0.8564555644989014], [-0.7521061301231384, 0.46726372838020325, 0.46475908160209656, -0.1873079538345337], [0.0, 0.0, 0.0, 1.0]]"
"[[0.9994356036014668, 0.001392586238957194, 0.03356445157258387, 0.002395983825214951], [-0.0015844250206880305, 0.9999825358396285, 0.0056896126768987785, 1.126315822636732], [-0.033555944028211895, -0.0057395816840726714, 0.9994203448461686, 0.004252655878881503], [0.0, 0.0, 0.0, 1.0]]","[[0.6615069508552551, -0.7414767146110535, -0.11234235018491745, -0.22725263237953186], [0.3097922205924988, 0.40660154819488525, -0.8594788908958435, 0.85218346118927], [0.68296217918396, 0.5337485074996948, 0.4986734688282013, -0.16628074645996094], [0.0, 0.0, 0.0, 1.0]]","[[0.5677744746208191, 0.8174547553062439, 0.09695291519165039, 0.15951843559741974], [-0.3346169590950012, 0.33679720759391785, -0.8801131844520569, 0.8564555644989014], [-0.7521061301231384, 0.46726372838020325, 0.46475908160209656, -0.1873079538345337], [0.0, 0.0, 0.0, 1.0]]"
"[[0.9993953108706112, 0.0013514125147462248, 0.03474478400111964, 0.002571340146146826], [-0.0015632097948714708, 0.9999803304683129, 0.006069357221985807, 1.1262730622063917], [-0.034735899653427056, -0.006120000319515715, 0.9993777871202564, 0.0055853155510863246], [0.0, 0.0, 0.0, 1.0]]","[[0.6615069508552551, -0.7414767146110535, -0.11234235018491745, -0.22725263237953186], [0.3097922205924988, 0.40660154819488525, -0.8594788908958435, 0.85218346118927], [0.68296217918396, 0.5337485074996948, 0.4986734688282013, -0.16628074645996094], [0.0, 0.0, 0.0, 1.0]]","[[0.566265344619751, 0.8175216913223267, 0.1048898696899414, 0.160005584359169], [-0.32472652196884155, 0.33824899792671204, -0.8832555413246155, 0.8573362231254578], [-0.7575594186782837, 0.46609652042388916, 0.4570096433162689, -0.18698516488075256], [0.0, 0.0, 0.0, 1.0]]"
