Head Pose,Left Arm Pose,Right Arm Pose
"[[0.0, 0.0, 0.0, 0.0], [0.0, 0.0, 0.0, 0.0], [0.0, 0.0, 0.0, 0.0], [0.0, 0.0, 0.0, 0.0]]","[[0.0, 0.0, 0.0, 0.0], [0.0, 0.0, 0.0, 0.0], [0.0, 0.0, 0.0, 0.0], [0.0, 0.0, 0.0, 0.0]]","[[0.0, 0.0, 0.0, 0.0], [0.0, 0.0, 0.0, 0.0], [0.0, 0.0, 0.0, 0.0], [0.0, 0.0, 0.0, 0.0]]"
"[[0.847998304005088, 0.32982091628272336, -0.4148699068225112, -0.5000000000000001], [0.0, 0.7827749746443304, 0.6223048602337666, 0.7499999999999999], [0.5299989400031799, -0.5277134660523575, 0.663791850916018, 0.8000000000000002], [0.0, 0.0, 0.0, 1.0]]","[[0.0, 0.0, 0.0, 0.0], [0.0, 0.0, 0.0, 0.0], [0.0, 0.0, 0.0, 0.0], [0.0, 0.0, 0.0, 0.0]]","[[0.0, 0.0, 0.0, 0.0], [0.0, 0.0, 0.0, 0.0], [0.0, 0.0, 0.0, 0.0], [0.0, 0.0, 0.0, 0.0]]"
"[[1.0, 0.0, 0.0, 0.0], [0.0, 1.0, 0.0, 0.0], [0.0, 0.0, 1.0, 0.0], [0.0, 0.0, 0.0, 1.0]]","[[0.0, 0.0, 0.0, 0.0], [0.0, 0.0, 0.0, 0.0], [0.0, 0.0, 0.0, 0.0], [0.0, 0.0, 0.0, 0.0]]","[[0.0, 0.0, 0.0, 0.0], [0.0, 0.0, 0.0, 0.0], [0.0, 0.0, 0.0, 0.0], [0.0, 0.0, 0.0, 0.0]]"
"[[0.4414030018378879, 0.054558382769629286, -0.8956487775903628, -0.09678075206582139], [0.018235332732603058, 0.9973982574348557, 0.06974337352445704, 0.14629025318992922], [0.8971236347097648, -0.04711738871404616, 0.4392597075275994, 0.34264757459260065], [0.0, 0.0, 0.0, 1.0]]","[[0.0, 0.0, 0.0, 0.0], [0.0, 0.0, 0.0, 0.0], [0.0, 0.0, 0.0, 0.0], [0.0, 0.0, 0.0, 0.0]]","[[0.0, 0.0, 0.0, 0.0], [0.0, 0.0, 0.0, 0.0], [0.0, 0.0, 0.0, 0.0], [0.0, 0.0, 0.0, 0.0]]"
"[[0.4427557256117037, 0.05434697111572339, -0.8949937207612106, -0.09670083158712739], [0.01865238313998258, 0.9973871709047447, 0.06979201959723166, 0.14657861237074865], [0.896448256262833, -0.047594582268058516, 0.4405851693107731, 0.34236345172038607], [0.0, 0.0, 0.0, 1.0]]","[[-0.21344463527202606, -0.7508376836776733, -0.6250472664833069, -0.10321614146232605], [0.2384328991174698, 0.5804086327552795, -0.7786369323730469, -0.14571096003055573], [0.9474127888679504, -0.31522777676582336, 0.05513932183384895, 0.035583943128585815], [0.0, 0.0, 0.0, 1.0]]","[[0.9191860556602478, -0.12540388107299805, -0.37332406640052795, 0.132728710770607], [-0.341417133808136, 0.2187424898147583, -0.9141039252281189, -0.1581203192472458], [0.19629400968551636, 0.9676908254623413, 0.15825001895427704, 0.42400315403938293], [0.0, 0.0, 0.0, 1.0]]"
"[[0.9997814893693052, -0.01934321956041965, 0.007926208857499043, -0.002894345078946016], [0.018740261110628525, 0.9973606466668983, 0.07014691743516054, 1.174007743758342], [-0.009262155782379235, -0.06998305108881873, 0.9975051880491996, -0.014164041419462915], [0.0, 0.0, 0.0, 1.0]]","[[0.7650939226150513, -0.6043972373008728, -0.22211521863937378, -0.281882643699646], [0.23948049545288086, 0.5872821807861328, -0.7731420993804932, 0.88243567943573], [0.5977292656898499, 0.5383340120315552, 0.594067394733429, -0.14089900255203247], [0.0, 0.0, 0.0, 1.0]]","[[0.5819372534751892, 0.813078761100769, -0.015868261456489563, 0.1695750206708908], [-0.34035757184028625, 0.22578689455986023, -0.9127851128578186, 0.868770956993103], [-0.738583505153656, 0.5365844368934631, 0.4081314504146576, -0.1850031167268753], [0.0, 0.0, 0.0, 1.0]]"
"[[0.999766230587704, -0.01965616292122751, 0.009009025106523107, -0.003139023797677036], [0.01896758728858083, 0.9972944856813963, 0.07102096989974407, 1.1738352290538059], [-0.010380650823619294, -0.07083348765745714, 0.9974341391344146, -0.014348406701938429], [0.0, 0.0, 0.0, 1.0]]","[[0.7650939226150513, -0.6043972373008728, -0.22211521863937378, -0.281882643699646], [0.23948049545288086, 0.5872821807861328, -0.7731420993804932, 0.88243567943573], [0.5977292656898499, 0.5383340120315552, 0.594067394733429, -0.14089900255203247], [0.0, 0.0, 0.0, 1.0]]","[[0.5819372534751892, 0.813078761100769, -0.015868261456489563, 0.1695750206708908], [-0.34035757184028625, 0.22578689455986023, -0.9127851128578186, 0.868770956993103], [-0.738583505153656, 0.5365844368934631, 0.4081314504146576, -0.1850031167268753], [0.0, 0.0, 0.0, 1.0]]"
"[[0.999766230587704, -0.01965616292122751, 0.009009025106523107, -0.003139023797677036], [0.01896758728858083, 0.9972944856813963, 0.07102096989974407, 1.1738352290538059], [-0.010380650823619294, -0.07083348765745714, 0.9974341391344146, -0.014348406701938429], [0.0, 0.0, 0.0, 1.0]]","[[0.7672935128211975, -0.6041715145111084, -0.2150287628173828, -0.2820497155189514], [0.244343101978302, 0.5854371786117554, -0.7730197906494141, 0.8822193145751953], [0.5929224491119385, 0.5405922532081604, 0.5968273282051086, -0.1405743956565857], [0.0, 0.0, 0.0, 1.0]]","[[0.5743513703346252, 0.818595826625824, -0.004602751228958368, 0.1693291962146759], [-0.3264664113521576, 0.2238953411579132, -0.9183083772659302, 0.8682907819747925], [-0.7506930232048035, 0.5289342403411865, 0.39583876729011536, -0.18579469621181488], [0.0, 0.0, 0.0, 1.0]]"
"[[0.999766230587704, -0.01965616292122751, 0.009009025106523107, -0.003139023797677036], [0.01896758728858083, 0.9972944856813963, 0.07102096989974407, 1.1738352290538059], [-0.010380650823619294, -0.07083348765745714, 0.9974341391344146, -0.014348406701938429], [0.0, 0.0, 0.0, 1.0]]","[[0.764106035232544, -0.6078306436538696, -0.21606454253196716, -0.28227588534355164], [0.24722297489643097, 0.585284411907196, -0.7722194790840149, 0.8823915719985962], [0.5958378911018372, 0.5366414189338684, 0.597489058971405, -0.14036521315574646], [0.0, 0.0, 0.0, 1.0]]","[[0.5798118114471436, 0.8147496581077576, -0.0010901950299739838, 0.16930490732192993], [-0.33023980259895325, 0.2337896078824997, -0.9144856333732605, 0.8681790232658386], [-0.7448220252990723, 0.5305895805358887, 0.4046167731285095, -0.18595880270004272], [0.0, 0.0, 0.0, 1.0]]"
"[[0.999766230587704, -0.01965616292122751, 0.009009025106523107, -0.003139023797677036], [0.01896758728858083, 0.9972944856813963, 0.07102096989974407, 1.1738352290538059], [-0.010380650823619294, -0.07083348765745714, 0.9974341391344146, -0.014348406701938429], [0.0, 0.0, 0.0, 1.0]]","[[0.7618581652641296, -0.6096053719520569, -0.2189825475215912, -0.2831750214099884], [0.24540197849273682, 0.5845088958740234, -0.7733867764472961, 0.8820805549621582], [0.5994580388069153, 0.5354722738265991, 0.5949112772941589, -0.14054617285728455], [0.0, 0.0, 0.0, 1.0]]","[[0.5745231509208679, 0.8184863328933716, -0.001793085364624858, 0.1688787341117859], [-0.3327900767326355, 0.2315940260887146, -0.9141197204589844, 0.8679514527320862], [-0.7477792501449585, 0.525779664516449, 0.4054402709007263, -0.18594104051589966], [0.0, 0.0, 0.0, 1.0]]"
"[[0.999766230587704, -0.01965616292122751, 0.009009025106523107, -0.003139023797677036], [0.01896758728858083, 0.9972944856813963, 0.07102096989974407, 1.1738352290538059], [-0.010380650823619294, -0.07083348765745714, 0.9974341391344146, -0.014348406701938429], [0.0, 0.0, 0.0, 1.0]]","[[0.7609019875526428, -0.6110671758651733, -0.2182314395904541, -0.2835693657398224], [0.24642714858055115, 0.5832700729370117, -0.7739957571029663, 0.8819345235824585], [0.6002513766288757, 0.5351566672325134, 0.5943949818611145, -0.14050710201263428], [0.0, 0.0, 0.0, 1.0]]","[[0.5788737535476685, 0.8154029250144958, -0.004806191194802523, 0.1688787341117859], [-0.34081658720970154, 0.23659080266952515, -0.909872829914093, 0.867438793182373], [-0.740776002407074, 0.5283394455909729, 0.41485917568206787, -0.18562418222427368], [0.0, 0.0, 0.0, 1.0]]"
"[[0.999766230587704, -0.01965616292122751, 0.009009025106523107, -0.003139023797677036], [0.01896758728858083, 0.9972944856813963, 0.07102096989974407, 1.1738352290538059], [-0.010380650823619294, -0.07083348765745714, 0.9974341391344146, -0.014348406701938429], [0.0, 0.0, 0.0, 1.0]]","[[0.7587252855300903, -0.6137601733207703, -0.21825310587882996, -0.2838301360607147], [0.24798643589019775, 0.5819641947746277, -0.7744807004928589, 0.8818904161453247], [0.6023609042167664, 0.533494234085083, 0.5937551259994507, -0.1403312385082245], [0.0, 0.0, 0.0, 1.0]]","[[0.5777249336242676, 0.816194474697113, -0.007763274479657412, 0.16879108548164368], [-0.34320852160453796, 0.23428113758563995, -0.9095712900161743, 0.8672090768814087], [-0.7405684590339661, 0.5281463265419006, 0.41547510027885437, -0.18552348017692566], [0.0, 0.0, 0.0, 1.0]]"
"[[0.9997412562385221, -0.021815994816778903, 0.0064395074937983795, -0.0036271537103375745], [0.02127612748468039, 0.9969935415921274, 0.07450626624195716, 1.1733278587143015], [-0.00804557556095278, -0.07434997873933161, 0.9971997739125922, -0.014526961612864358], [0.0, 0.0, 0.0, 1.0]]","[[0.7587252855300903, -0.6137601733207703, -0.21825310587882996, -0.2838301360607147], [0.24798643589019775, 0.5819641947746277, -0.7744807004928589, 0.8818904161453247], [0.6023609042167664, 0.533494234085083, 0.5937551259994507, -0.1403312385082245], [0.0, 0.0, 0.0, 1.0]]","[[0.5777249336242676, 0.816194474697113, -0.007763274479657412, 0.16879108548164368], [-0.34320852160453796, 0.23428113758563995, -0.9095712900161743, 0.8672090768814087], [-0.7405684590339661, 0.5281463265419006, 0.41547510027885437, -0.18552348017692566], [0.0, 0.0, 0.0, 1.0]]"
"[[0.9997412562385221, -0.021815994816778903, 0.0064395074937983795, -0.0036271537103375745], [0.02127612748468039, 0.9969935415921274, 0.07450626624195716, 1.1733278587143015], [-0.00804557556095278, -0.07434997873933161, 0.9971997739125922, -0.014526961612864358], [0.0, 0.0, 0.0, 1.0]]","[[0.7585000395774841, -0.6137170195579529, -0.2191554605960846, -0.2841893136501312], [0.24607644975185394, 0.5811324119567871, -0.7757135629653931, 0.8815679550170898], [0.6034269332885742, 0.5344497561454773, 0.5918102860450745, -0.14059624075889587], [0.0, 0.0, 0.0, 1.0]]","[[0.5832967758178711, 0.8122538328170776, -0.002911476418375969, 0.16922873258590698], [-0.3339477777481079, 0.23654451966285706, -0.9124283194541931, 0.8670965433120728], [-0.7404347658157349, 0.5331887006759644, 0.40922608971595764, -0.18573449552059174], [0.0, 0.0, 0.0, 1.0]]"
"[[0.9997047185916813, -0.02324530669985446, 0.007081146531756093, -0.0038792113035974606], [0.02266742846431104, 0.9970773457799718, 0.07295890059594522, 1.1734319152736994], [-0.00875640270019038, -0.07277684751625647, 0.9973098040293631, -0.014572158612248271], [0.0, 0.0, 0.0, 1.0]]","[[0.7585000395774841, -0.6137170195579529, -0.2191554605960846, -0.2841893136501312], [0.24607644975185394, 0.5811324119567871, -0.7757135629653931, 0.8815679550170898], [0.6034269332885742, 0.5344497561454773, 0.5918102860450745, -0.14059624075889587], [0.0, 0.0, 0.0, 1.0]]","[[0.5832967758178711, 0.8122538328170776, -0.002911476418375969, 0.16922873258590698], [-0.3339477777481079, 0.23654451966285706, -0.9124283194541931, 0.8670965433120728], [-0.7404347658157349, 0.5331887006759644, 0.40922608971595764, -0.18573449552059174], [0.0, 0.0, 0.0, 1.0]]"
"[[0.9996820092372121, -0.02394299651794486, 0.007915494108313846, -0.004039810702461019], [0.023309127657484486, 0.9971119760165479, 0.07228016696575712, 1.1734673405498681], [-0.009623237809425068, -0.07207267888184958, 0.9973529578385256, -0.014560069665953374], [0.0, 0.0, 0.0, 1.0]]","[[0.7589158415794373, -0.6132302284240723, -0.2190786749124527, -0.28424522280693054], [0.24246999621391296, 0.5783472061157227, -0.7789241671562195, 0.8813864588737488], [0.6043633818626404, 0.5380178689956665, 0.5876067876815796, -0.14083468914031982], [0.0, 0.0, 0.0, 1.0]]","[[0.5846028327941895, 0.8113194108009338, 0.0006095835706219077, 0.16928675770759583], [-0.33092328906059265, 0.23913533985614777, -0.9128549098968506, 0.8675262928009033], [-0.7407626509666443, 0.5334558486938477, 0.40828368067741394, -0.18539711833000183], [0.0, 0.0, 0.0, 1.0]]"
"[[0.9996677637261728, -0.024368016651475612, 0.008396805448932676, -0.004135460031391178], [0.023702104905044864, 0.9971293211907746, 0.07191208899063754, 1.1735289156603337], [-0.01012505572427985, -0.07168917953925437, 0.9973756073815134, -0.014554069335967132], [0.0, 0.0, 0.0, 1.0]]","[[0.7589158415794373, -0.6132302284240723, -0.2190786749124527, -0.28424522280693054], [0.24246999621391296, 0.5783472061157227, -0.7789241671562195, 0.8813864588737488], [0.6043633818626404, 0.5380178689956665, 0.5876067876815796, -0.14083468914031982], [0.0, 0.0, 0.0, 1.0]]","[[0.5846028327941895, 0.8113194108009338, 0.0006095835706219077, 0.16928675770759583], [-0.33092328906059265, 0.23913533985614777, -0.9128549098968506, 0.8675262928009033], [-0.7407626509666443, 0.5334558486938477, 0.40828368067741394, -0.18539711833000183], [0.0, 0.0, 0.0, 1.0]]"
"[[0.999654591078333, -0.02469515769544152, 0.008991438171710496, -0.004242216010711156], [0.023988241639108395, 0.9971388576800022, 0.07168438049508463, 1.1735432921447342], [-0.010735969782922737, -0.07144393262909528, 0.9973868133315618, -0.014594761454805066], [0.0, 0.0, 0.0, 1.0]]","[[0.7644623517990112, -0.6068077683448792, -0.21767307817935944, -0.283997118473053], [0.24073196947574615, 0.5819268822669983, -0.7767941355705261, 0.8815664649009705], [0.5980345606803894, 0.5414289832115173, 0.5909392237663269, -0.14074648916721344], [0.0, 0.0, 0.0, 1.0]]","[[0.5782816410064697, 0.8158332705497742, -0.0025237093213945627, 0.16903197765350342], [-0.3272865414619446, 0.2291525900363922, -0.9167183041572571, 0.8678361177444458], [-0.7473110556602478, 0.5309472680091858, 0.39952605962753296, -0.18552395701408386], [0.0, 0.0, 0.0, 1.0]]"
"[[0.9996273517488694, -0.025327270276192592, 0.010181553837879845, -0.004462228136925405], [0.024540648438688348, 0.9971665741591684, 0.07110940121637617, 1.1735979235278737], [-0.011953712264970594, -0.07083304024709433, 0.9974165557359116, -0.0146166917308383], [0.0, 0.0, 0.0, 1.0]]","[[0.7644623517990112, -0.6068077683448792, -0.21767307817935944, -0.283997118473053], [0.24073196947574615, 0.5819268822669983, -0.7767941355705261, 0.8815664649009705], [0.5980345606803894, 0.5414289832115173, 0.5909392237663269, -0.14074648916721344], [0.0, 0.0, 0.0, 1.0]]","[[0.5782816410064697, 0.8158332705497742, -0.0025237093213945627, 0.16903197765350342], [-0.3272865414619446, 0.2291525900363922, -0.9167183041572571, 0.8678361177444458], [-0.7473110556602478, 0.5309472680091858, 0.39952605962753296, -0.18552395701408386], [0.0, 0.0, 0.0, 1.0]]"
"[[0.9996119141533225, -0.02559144381135892, 0.01100238736369153, -0.004588413479845245], [0.024747789318857676, 0.9971712232791282, 0.07097238450285727, 1.1736312336464574], [-0.012787549312929929, -0.07067255527737804, 0.9974176286548629, -0.014615852280495712], [0.0, 0.0, 0.0, 1.0]]","[[0.7644623517990112, -0.6068077683448792, -0.21767307817935944, -0.283997118473053], [0.24073196947574615, 0.5819268822669983, -0.7767941355705261, 0.8815664649009705], [0.5980345606803894, 0.5414289832115173, 0.5909392237663269, -0.14074648916721344], [0.0, 0.0, 0.0, 1.0]]","[[0.5782816410064697, 0.8158332705497742, -0.0025237093213945627, 0.16903197765350342], [-0.3272865414619446, 0.2291525900363922, -0.9167183041572571, 0.8678361177444458], [-0.7473110556602478, 0.5309472680091858, 0.39952605962753296, -0.18552395701408386], [0.0, 0.0, 0.0, 1.0]]"
"[[0.999597430205281, -0.025935511293400715, 0.011505500016286715, -0.0047211482427564205], [0.02505694776536094, 0.9971714020535852, 0.07086107960066712, 1.1736504088510835], [-0.013310774626657635, -0.07054425695815175, 0.9974198340845745, -0.014646836573380465], [0.0, 0.0, 0.0, 1.0]]","[[0.7631387114524841, -0.6076427102088928, -0.21997646987438202, -0.2843891978263855], [0.23667918145656586, 0.5795496702194214, -0.7798109650611877, 0.8813320398330688], [0.601333737373352, 0.5430400967597961, 0.5860931277275085, -0.14125394821166992], [0.0, 0.0, 0.0, 1.0]]","[[0.5819929242134094, 0.8131864070892334, 0.003466182854026556, 0.1692061722278595], [-0.3196171522140503, 0.23266349732875824, -0.9185382127761841, 0.8681642413139343], [-0.7477493286132812, 0.533474862575531, 0.3953168988227844, -0.18555766344070435], [0.0, 0.0, 0.0, 1.0]]"
"[[0.9995776414792736, -0.026325918460439756, 0.012308583531472957, -0.00485726862668465], [0.02539539178257077, 0.997191071594077, 0.07046336789495226, 1.1736931167500775], [-0.014129022199716304, -0.07012102644079449, 0.9974384307100224, -0.014670171138854857], [0.0, 0.0, 0.0, 1.0]]","[[0.7631387114524841, -0.6076427102088928, -0.21997646987438202, -0.2843891978263855], [0.23667918145656586, 0.5795496702194214, -0.7798109650611877, 0.8813320398330688], [0.601333737373352, 0.5430400967597961, 0.5860931277275085, -0.14125394821166992], [0.0, 0.0, 0.0, 1.0]]","[[0.5819929242134094, 0.8131864070892334, 0.003466182854026556, 0.1692061722278595], [-0.3196171522140503, 0.23266349732875824, -0.9185382127761841, 0.8681642413139343], [-0.7477493286132812, 0.533474862575531, 0.3953168988227844, -0.18555766344070435], [0.0, 0.0, 0.0, 1.0]]"
"[[0.999560475366927, -0.026659442635305133, 0.01296652787704468, -0.004992712029985262], [0.02568544022547464, 0.9972000716383993, 0.07023051898827185, 1.173750080315094], [-0.014802528271782403, -0.0698665999258555, 0.997446537174339, -0.014691990981076146], [0.0, 0.0, 0.0, 1.0]]","[[0.7631387114524841, -0.6076427102088928, -0.21997646987438202, -0.2843891978263855], [0.23667918145656586, 0.5795496702194214, -0.7798109650611877, 0.8813320398330688], [0.601333737373352, 0.5430400967597961, 0.5860931277275085, -0.14125394821166992], [0.0, 0.0, 0.0, 1.0]]","[[0.5819929242134094, 0.8131864070892334, 0.003466182854026556, 0.1692061722278595], [-0.3196171522140503, 0.23266349732875824, -0.9185382127761841, 0.8681642413139343], [-0.7477493286132812, 0.533474862575531, 0.3953168988227844, -0.18555766344070435], [0.0, 0.0, 0.0, 1.0]]"
"[[0.999560475366927, -0.026659442635305133, 0.01296652787704468, -0.004992712029985262], [0.02568544022547464, 0.9972000716383993, 0.07023051898827185, 1.173750080315094], [-0.014802528271782403, -0.0698665999258555, 0.997446537174339, -0.014691990981076146], [0.0, 0.0, 0.0, 1.0]]","[[0.7688290476799011, -0.6012434959411621, -0.2177339792251587, -0.28385215997695923], [0.23531970381736755, 0.5826284289360046, -0.7779259085655212, 0.881678581237793], [0.5945809483528137, 0.5468549132347107, 0.5894261002540588, -0.14100340008735657], [0.0, 0.0, 0.0, 1.0]]","[[0.5870531797409058, 0.8095458745956421, 0.0019816886633634567, 0.1690717339515686], [-0.310146301984787, 0.22716665267944336, -0.9231491684913635, 0.8683614134788513], [-0.7477818727493286, 0.5413230061531067, 0.38443663716316223, -0.18592768907546997], [0.0, 0.0, 0.0, 1.0]]"
"[[0.9994971752504656, -0.02794850509182956, 0.014974425379248492, -0.005405015851911037], [0.026841308143572593, 0.997211337083826, 0.06963557773177233, 1.173780654935556], [-0.016878876071361706, -0.06919863051827345, 0.9974601268491751, -0.01476575488340941], [0.0, 0.0, 0.0, 1.0]]","[[0.7688290476799011, -0.6012434959411621, -0.2177339792251587, -0.28385215997695923], [0.23531970381736755, 0.5826284289360046, -0.7779259085655212, 0.881678581237793], [0.5945809483528137, 0.5468549132347107, 0.5894261002540588, -0.14100340008735657], [0.0, 0.0, 0.0, 1.0]]","[[0.5870531797409058, 0.8095458745956421, 0.0019816886633634567, 0.1690717339515686], [-0.310146301984787, 0.22716665267944336, -0.9231491684913635, 0.8683614134788513], [-0.7477818727493286, 0.5413230061531067, 0.38443663716316223, -0.18592768907546997], [0.0, 0.0, 0.0, 1.0]]"
"[[0.9994760155941096, -0.02838063327682809, 0.015564533090658361, -0.005590956599883513], [0.027232746648661352, 0.997205257379373, 0.06957089884436551, 1.1737651838292482], [-0.017495499783687415, -0.06911057995402396, 0.9974555969331739, -0.014792696693505723], [0.0, 0.0, 0.0, 1.0]]","[[0.7690631151199341, -0.6011409759521484, -0.21718986332416534, -0.2838629484176636], [0.23479987680912018, 0.5817455649375916, -0.778743326663971, 0.8817272186279297], [0.5944837331771851, 0.5479066371917725, 0.588546872138977, -0.1410820186138153], [0.0, 0.0, 0.0, 1.0]]","[[0.582284152507782, 0.8129688501358032, 0.005165161564946175, 0.16927528381347656], [-0.30847737193107605, 0.22681449353694916, -0.923794686794281, 0.8685423135757446], [-0.752187967300415, 0.5363176465034485, 0.38285306096076965, -0.1863163411617279], [0.0, 0.0, 0.0, 1.0]]"
"[[0.9994581937748453, -0.028615515456307833, 0.016262518349897667, -0.005738310845681887], [0.027417760565172748, 0.9971959593778537, 0.06963079081844871, 1.1737639943836375], [-0.018209438663113323, -0.06914718044925154, 0.9974402782461993, -0.014835067755015259], [0.0, 0.0, 0.0, 1.0]]","[[0.7690631151199341, -0.6011409759521484, -0.21718986332416534, -0.2838629484176636], [0.23479987680912018, 0.5817455649375916, -0.778743326663971, 0.8817272186279297], [0.5944837331771851, 0.5479066371917725, 0.588546872138977, -0.1410820186138153], [0.0, 0.0, 0.0, 1.0]]","[[0.582284152507782, 0.8129688501358032, 0.005165161564946175, 0.16927528381347656], [-0.30847737193107605, 0.22681449353694916, -0.923794686794281, 0.8685423135757446], [-0.752187967300415, 0.5363176465034485, 0.38285306096076965, -0.1863163411617279], [0.0, 0.0, 0.0, 1.0]]"
"[[0.9992510080252687, -0.032620754020475894, 0.020817029950986818, -0.007103268967957852], [0.031095113677716703, 0.9970746637304836, 0.06982284167700499, 1.1736566661714547], [-0.023033807324399053, -0.06912323704070357, 0.9973421692005415, -0.015095039289297809], [0.0, 0.0, 0.0, 1.0]]","[[0.7681748867034912, -0.6029123663902283, -0.21541571617126465, -0.28414180874824524], [0.23737075924873352, 0.5806801915168762, -0.7787588834762573, 0.8816390037536621], [0.5946111083030701, 0.5470895767211914, 0.5891777276992798, -0.14118270576000214], [0.0, 0.0, 0.0, 1.0]]","[[0.5808815360069275, 0.8139457106590271, 0.008307523094117641, 0.16938677430152893], [-0.32302743196487427, 0.23987607657909393, -0.9154849648475647, 0.8690423369407654], [-0.7471478581428528, 0.5291047692298889, 0.40226638317108154, -0.1858946681022644], [0.0, 0.0, 0.0, 1.0]]"
"[[0.9991557002100441, -0.03452295426761749, 0.022271985464154157, -0.007679172159278832], [0.03287791098916886, 0.9969754817234703, 0.07041969450428454, 1.1736007641317119], [-0.024635718859376033, -0.06962798235700168, 0.9972687957490137, -0.015168121491058513], [0.0, 0.0, 0.0, 1.0]]","[[0.7645415663719177, -0.6063796281814575, -0.21858610212802887, -0.2847428321838379], [0.23620860278606415, 0.5790960192680359, -0.780290424823761, 0.8814460635185242], [0.5997346043586731, 0.5449325442314148, 0.5859750509262085, -0.1416042149066925], [0.0, 0.0, 0.0, 1.0]]","[[0.579898476600647, 0.8146643042564392, 0.006295273080468178, 0.1693374663591385], [-0.32384341955184937, 0.23759673535823822, -0.915790855884552, 0.8690060377120972], [-0.7475579977035522, 0.529026985168457, 0.4016057848930359, -0.18596425652503967], [0.0, 0.0, 0.0, 1.0]]"
"[[0.9991186261418719, -0.03527965121509892, 0.022744526745690812, -0.007869727988689873], [0.0335975503122582, 0.9969444869847716, 0.07051873843944315, 1.173545318919143], [-0.025162907658205547, -0.06969242651188139, 0.9972510934718963, -0.01517838056991272], [0.0, 0.0, 0.0, 1.0]]","[[0.7645415663719177, -0.6063796281814575, -0.21858610212802887, -0.2847428321838379], [0.23620860278606415, 0.5790960192680359, -0.780290424823761, 0.8814460635185242], [0.5997346043586731, 0.5449325442314148, 0.5859750509262085, -0.1416042149066925], [0.0, 0.0, 0.0, 1.0]]","[[0.579898476600647, 0.8146643042564392, 0.006295273080468178, 0.1693374663591385], [-0.32384341955184937, 0.23759673535823822, -0.915790855884552, 0.8690060377120972], [-0.7475579977035522, 0.529026985168457, 0.4016057848930359, -0.18596425652503967], [0.0, 0.0, 0.0, 1.0]]"
"[[0.9990830421539759, -0.0358920840649559, 0.023342196487390828, -0.008119712109984613], [0.03416239115310173, 0.9969127179729007, 0.07069641562051014, 1.1734837463233294], [-0.025807573802268665, -0.06983416317158507, 0.9972247479716994, -0.015197657784934936], [0.0, 0.0, 0.0, 1.0]]","[[0.7645415663719177, -0.6063796281814575, -0.21858610212802887, -0.2847428321838379], [0.23620860278606415, 0.5790960192680359, -0.780290424823761, 0.8814460635185242], [0.5997346043586731, 0.5449325442314148, 0.5859750509262085, -0.1416042149066925], [0.0, 0.0, 0.0, 1.0]]","[[0.579898476600647, 0.8146643042564392, 0.006295273080468178, 0.1693374663591385], [-0.32384341955184937, 0.23759673535823822, -0.915790855884552, 0.8690060377120972], [-0.7475579977035522, 0.529026985168457, 0.4016057848930359, -0.18596425652503967], [0.0, 0.0, 0.0, 1.0]]"
"[[0.9990830421539759, -0.0358920840649559, 0.023342196487390828, -0.008119712109984613], [0.03416239115310173, 0.9969127179729007, 0.07069641562051014, 1.1734837463233294], [-0.025807573802268665, -0.06983416317158507, 0.9972247479716994, -0.015197657784934936], [0.0, 0.0, 0.0, 1.0]]","[[0.7653907537460327, -0.6057230234146118, -0.21743172407150269, -0.2851731479167938], [0.23690827190876007, 0.5793169140815735, -0.7799142003059387, 0.8811611533164978], [0.5983739495277405, 0.545427680015564, 0.5869046449661255, -0.14168119430541992], [0.0, 0.0, 0.0, 1.0]]","[[0.5856663584709167, 0.810478687286377, 0.010913867503404617, 0.1697893589735031], [-0.3191564381122589, 0.24296335875988007, -0.9160283207893372, 0.8686928153038025], [-0.745073139667511, 0.5330036878585815, 0.40096500515937805, -0.1862487941980362], [0.0, 0.0, 0.0, 1.0]]"
"[[0.9990515112841332, -0.036557819299231666, 0.023656575398571935, -0.008321242180226672], [0.034794919587839944, 0.9968642593188949, 0.07106983748862815, 1.1734481102795125], [-0.026180553791992214, -0.0701792976479762, 0.9971907734156982, -0.015179274659076536], [0.0, 0.0, 0.0, 1.0]]","[[0.7653907537460327, -0.6057230234146118, -0.21743172407150269, -0.2851731479167938], [0.23690827190876007, 0.5793169140815735, -0.7799142003059387, 0.8811611533164978], [0.5983739495277405, 0.545427680015564, 0.5869046449661255, -0.14168119430541992], [0.0, 0.0, 0.0, 1.0]]","[[0.5856663584709167, 0.810478687286377, 0.010913867503404617, 0.1697893589735031], [-0.3191564381122589, 0.24296335875988007, -0.9160283207893372, 0.8686928153038025], [-0.745073139667511, 0.5330036878585815, 0.40096500515937805, -0.1862487941980362], [0.0, 0.0, 0.0, 1.0]]"
"[[0.9990161061708759, -0.037195269695024825, 0.024151031608689116, -0.008502678737662604], [0.03538423336436242, 0.9968114495075062, 0.07151862986014217, 1.1734140340461572], [-0.02673417820502494, -0.07059369974209938, 0.9971468448423253, -0.015165290904340434], [0.0, 0.0, 0.0, 1.0]]","[[0.7653907537460327, -0.6057230234146118, -0.21743172407150269, -0.2851731479167938], [0.23690827190876007, 0.5793169140815735, -0.7799142003059387, 0.8811611533164978], [0.5983739495277405, 0.545427680015564, 0.5869046449661255, -0.14168119430541992], [0.0, 0.0, 0.0, 1.0]]","[[0.5856663584709167, 0.810478687286377, 0.010913867503404617, 0.1697893589735031], [-0.3191564381122589, 0.24296335875988007, -0.9160283207893372, 0.8686928153038025], [-0.745073139667511, 0.5330036878585815, 0.40096500515937805, -0.1862487941980362], [0.0, 0.0, 0.0, 1.0]]"
"[[0.998935341784262, -0.038703116393779366, 0.025105788970290047, -0.008928552185343015], [0.03679459654619829, 0.9966910480332977, 0.07247842631174745, 1.1733119002946075], [-0.027827857395710143, -0.07147750475571937, 0.9970539213889161, -0.015105700473166398], [0.0, 0.0, 0.0, 1.0]]","[[0.7645707130432129, -0.6070045232772827, -0.2167421579360962, -0.2851846218109131], [0.23828507959842682, 0.57864910364151, -0.7799906730651855, 0.8811253905296326], [0.5988755226135254, 0.5447116494178772, 0.5870582461357117, -0.14172345399856567], [0.0, 0.0, 0.0, 1.0]]","[[0.5900923013687134, 0.8072882890701294, 0.008752824738621712, 0.16995418071746826], [-0.324022114276886, 0.24674825370311737, -0.913304328918457, 0.8685381412506104], [-0.739459753036499, 0.5360977053642273, 0.40718355774879456, -0.18611858785152435], [0.0, 0.0, 0.0, 1.0]]"
"[[0.9988920092711355, -0.039468936965127446, 0.025632180273011416, -0.00915759622935909], [0.037512860849241755, 0.9966433046996268, 0.07276619815698304, 1.173248936252809], [-0.028418146074339668, -0.07172403639683092, 0.9970195890605068, -0.01508652343733826], [0.0, 0.0, 0.0, 1.0]]","[[0.7645707130432129, -0.6070045232772827, -0.2167421579360962, -0.2851846218109131], [0.23828507959842682, 0.57864910364151, -0.7799906730651855, 0.8811253905296326], [0.5988755226135254, 0.5447116494178772, 0.5870582461357117, -0.14172345399856567], [0.0, 0.0, 0.0, 1.0]]","[[0.5900923013687134, 0.8072882890701294, 0.008752824738621712, 0.16995418071746826], [-0.324022114276886, 0.24674825370311737, -0.913304328918457, 0.8685381412506104], [-0.739459753036499, 0.5360977053642273, 0.40718355774879456, -0.18611858785152435], [0.0, 0.0, 0.0, 1.0]]"
"[[0.9988488554533471, -0.0402679466478917, 0.026066163970237886, -0.009364113564125687], [0.03826167203258546, 0.9965711835349834, 0.07336134840263529, 1.1732298335163778], [-0.028930898340338598, -0.07227956126914832, 0.9969647523860362, -0.015029068591026245], [0.0, 0.0, 0.0, 1.0]]","[[0.7645707130432129, -0.6070045232772827, -0.2167421579360962, -0.2851846218109131], [0.23828507959842682, 0.57864910364151, -0.7799906730651855, 0.8811253905296326], [0.5988755226135254, 0.5447116494178772, 0.5870582461357117, -0.14172345399856567], [0.0, 0.0, 0.0, 1.0]]","[[0.5900923013687134, 0.8072882890701294, 0.008752824738621712, 0.16995418071746826], [-0.324022114276886, 0.24674825370311737, -0.913304328918457, 0.8685381412506104], [-0.739459753036499, 0.5360977053642273, 0.40718355774879456, -0.18611858785152435], [0.0, 0.0, 0.0, 1.0]]"
"[[0.9988023638755144, -0.041104823549517576, 0.026537744166381588, -0.009570016713960315], [0.03905630464362247, 0.9965248106937733, 0.07357248541414284, 1.1731657546088008], [-0.029469704417459733, -0.07244790467918369, 0.9969367385857645, -0.015010318889540315], [0.0, 0.0, 0.0, 1.0]]","[[0.7645983695983887, -0.6078898310661316, -0.21414770185947418, -0.2852553129196167], [0.24232611060142517, 0.5790319442749023, -0.7784600257873535, 0.8809202909469604], [0.5972163081169128, 0.5433156490325928, 0.5900344848632812, -0.14193789660930634], [0.0, 0.0, 0.0, 1.0]]","[[0.5906447768211365, 0.806899905204773, 0.007151121273636818, 0.17023280262947083], [-0.3247179388999939, 0.2457854449748993, -0.9133167862892151, 0.8679943084716797], [-0.7387129664421082, 0.5371236801147461, 0.4071868360042572, -0.1864728331565857], [0.0, 0.0, 0.0, 1.0]]"
"[[0.998768567996794, -0.04165750595947364, 0.026944499986809815, -0.009818858033077879], [0.039568567245997374, 0.9964807631034469, 0.07389488931178849, 1.1730989739674493], [-0.02992795169110863, -0.07273773734092905, 0.9969019888838077, -0.014959099057350763], [0.0, 0.0, 0.0, 1.0]]","[[0.7645983695983887, -0.6078898310661316, -0.21414770185947418, -0.2852553129196167], [0.24232611060142517, 0.5790319442749023, -0.7784600257873535, 0.8809202909469604], [0.5972163081169128, 0.5433156490325928, 0.5900344848632812, -0.14193789660930634], [0.0, 0.0, 0.0, 1.0]]","[[0.5906447768211365, 0.806899905204773, 0.007151121273636818, 0.17023280262947083], [-0.3247179388999939, 0.2457854449748993, -0.9133167862892151, 0.8679943084716797], [-0.7387129664421082, 0.5371236801147461, 0.4071868360042572, -0.1864728331565857], [0.0, 0.0, 0.0, 1.0]]"
"[[0.9986838697933207, -0.04298875745927638, 0.027973525178585257, -0.010268543593021378], [0.04080078485811407, 0.9963805082360121, 0.07457322213251374, 1.1730200173689207], [-0.03107808535083749, -0.07333372947375999, 0.9968231317918249, -0.014829322905638855], [0.0, 0.0, 0.0, 1.0]]","[[0.7619103193283081, -0.6119218468666077, -0.21223652362823486, -0.28503623604774475], [0.25061124563217163, 0.5806940793991089, -0.7745891809463501, 0.8806204795837402], [0.5972325205802917, 0.5369786024093628, 0.5957913398742676, -0.14187249541282654], [0.0, 0.0, 0.0, 1.0]]","[[0.5903303027153015, 0.8071222901344299, 0.00798215065151453, 0.17048652470111847], [-0.3349963426589966, 0.2539900541305542, -0.9073403477668762, 0.8678205013275146], [-0.734362006187439, 0.5329565405845642, 0.4203210473060608, -0.18648123741149902], [0.0, 0.0, 0.0, 1.0]]"
"[[0.9985945819835846, -0.044488443311352814, 0.02880432366140723, -0.010757570672815672], [0.042209135118822995, 0.9962587356691978, 0.07541185537348156, 1.1728874468303863], [-0.032051515740076336, -0.07409006437291736, 0.9967363477621032, -0.01469338202423252], [0.0, 0.0, 0.0, 1.0]]","[[0.7619103193283081, -0.6119218468666077, -0.21223652362823486, -0.28503623604774475], [0.25061124563217163, 0.5806940793991089, -0.7745891809463501, 0.8806204795837402], [0.5972325205802917, 0.5369786024093628, 0.5957913398742676, -0.14187249541282654], [0.0, 0.0, 0.0, 1.0]]","[[0.5903303027153015, 0.8071222901344299, 0.00798215065151453, 0.17048652470111847], [-0.3349963426589966, 0.2539900541305542, -0.9073403477668762, 0.8678205013275146], [-0.734362006187439, 0.5329565405845642, 0.4203210473060608, -0.18648123741149902], [0.0, 0.0, 0.0, 1.0]]"
"[[0.998542249168622, -0.045219677210963524, 0.02947201821839477, -0.011004455116890157], [0.04287463176139521, 0.9961967469614583, 0.07585384803558781, 1.1728127709819651], [-0.0327900158252749, -0.0744796682641368, 0.996683299443671, -0.014604968020441578], [0.0, 0.0, 0.0, 1.0]]","[[0.7548205256462097, -0.6195297837257385, -0.21547336876392365, -0.28508758544921875], [0.2547916769981384, 0.5796365737915039, -0.7740172147750854, 0.8804316520690918], [0.6044229865074158, 0.5293432474136353, 0.5953726172447205, -0.1420615315437317], [0.0, 0.0, 0.0, 1.0]]","[[0.5970631837844849, 0.8020573854446411, 0.014810577034950256, 0.17074459791183472], [-0.332615464925766, 0.2643202543258667, -0.9052632451057434, 0.8680518269538879], [-0.7299879193305969, 0.5355731248855591, 0.42459267377853394, -0.18592336773872375], [0.0, 0.0, 0.0, 1.0]]"
"[[0.9984147549126998, -0.04705274591973624, 0.0308864897268193, -0.011512228651565029], [0.04455631111928622, 0.9960299728052546, 0.0770649514930473, 1.17263136404407], [-0.03438998775907587, -0.07556659953425075, 0.9965475203400821, -0.01447717468907175], [0.0, 0.0, 0.0, 1.0]]","[[0.7548205256462097, -0.6195297837257385, -0.21547336876392365, -0.28508758544921875], [0.2547916769981384, 0.5796365737915039, -0.7740172147750854, 0.8804316520690918], [0.6044229865074158, 0.5293432474136353, 0.5953726172447205, -0.1420615315437317], [0.0, 0.0, 0.0, 1.0]]","[[0.5970631837844849, 0.8020573854446411, 0.014810577034950256, 0.17074459791183472], [-0.332615464925766, 0.2643202543258667, -0.9052632451057434, 0.8680518269538879], [-0.7299879193305969, 0.5355731248855591, 0.42459267377853394, -0.18592336773872375], [0.0, 0.0, 0.0, 1.0]]"
"[[0.9984147549126998, -0.04705274591973624, 0.0308864897268193, -0.011512228651565029], [0.04455631111928622, 0.9960299728052546, 0.0770649514930473, 1.17263136404407], [-0.03438998775907587, -0.07556659953425075, 0.9965475203400821, -0.01447717468907175], [0.0, 0.0, 0.0, 1.0]]","[[0.7502044439315796, -0.6240687966346741, -0.2184751033782959, -0.2851235270500183], [0.2526751756668091, 0.5759249329566956, -0.7774738669395447, 0.8800633549690247], [0.6110225319862366, 0.5280610918998718, 0.5897481441497803, -0.14246726036071777], [0.0, 0.0, 0.0, 1.0]]","[[0.6027773022651672, 0.7975865006446838, 0.02269611693918705, 0.17144428193569183], [-0.32151469588279724, 0.2688218951225281, -0.9079442024230957, 0.8675683736801147], [-0.7302654385566711, 0.5399909615516663, 0.4184756577014923, -0.18652427196502686], [0.0, 0.0, 0.0, 1.0]]"
"[[0.9982778429891952, -0.048390087082752144, 0.0331617773268055, -0.012294453986484988], [0.0456339750739251, 0.9958013893256868, 0.07935428779507857, 1.1723111141908695], [-0.03686250441338312, -0.07770432371710558, 0.9962947367571576, -0.014200124295451182], [0.0, 0.0, 0.0, 1.0]]","[[0.7502044439315796, -0.6240687966346741, -0.2184751033782959, -0.2851235270500183], [0.2526751756668091, 0.5759249329566956, -0.7774738669395447, 0.8800633549690247], [0.6110225319862366, 0.5280610918998718, 0.5897481441497803, -0.14246726036071777], [0.0, 0.0, 0.0, 1.0]]","[[0.6027773022651672, 0.7975865006446838, 0.02269611693918705, 0.17144428193569183], [-0.32151469588279724, 0.2688218951225281, -0.9079442024230957, 0.8675683736801147], [-0.7302654385566711, 0.5399909615516663, 0.4184756577014923, -0.18652427196502686], [0.0, 0.0, 0.0, 1.0]]"
"[[0.9982316493515158, -0.04894188771844856, 0.033738705244671915, -0.012563629515609047], [0.04609869067667972, 0.9956929089176071, 0.08043942782636468, 1.1721458775234284], [-0.037530248138297, -0.07874186899904426, 0.9961883424586032, -0.014095125962395389], [0.0, 0.0, 0.0, 1.0]]","[[0.7502044439315796, -0.6240687966346741, -0.2184751033782959, -0.2851235270500183], [0.2526751756668091, 0.5759249329566956, -0.7774738669395447, 0.8800633549690247], [0.6110225319862366, 0.5280610918998718, 0.5897481441497803, -0.14246726036071777], [0.0, 0.0, 0.0, 1.0]]","[[0.6027773022651672, 0.7975865006446838, 0.02269611693918705, 0.17144428193569183], [-0.32151469588279724, 0.2688218951225281, -0.9079442024230957, 0.8675683736801147], [-0.7302654385566711, 0.5399909615516663, 0.4184756577014923, -0.18652427196502686], [0.0, 0.0, 0.0, 1.0]]"
"[[0.9981634020760064, -0.049664251562969476, 0.03468818944009084, -0.012827197784275865], [0.04669433081446432, 0.9955598114340402, 0.08173279270975019, 1.1719928758729625], [-0.03859336692778334, -0.07996294095666984, 0.9960504175883025, -0.014021485379773047], [0.0, 0.0, 0.0, 1.0]]","[[0.7443376779556274, -0.6275574564933777, -0.22832636535167694, -0.28521472215652466], [0.2468636929988861, 0.5762609243392944, -0.779090166091919, 0.8800588846206665], [0.6204994916915894, 0.5235406160354614, 0.5838539600372314, -0.1430901288986206], [0.0, 0.0, 0.0, 1.0]]","[[0.6064136624336243, 0.7946507930755615, 0.028147831559181213, 0.17225292325019836], [-0.3257244825363159, 0.28054848313331604, -0.9028818607330322, 0.8672881722450256], [-0.725372850894928, 0.5383514165878296, 0.42896583676338196, -0.1866769790649414], [0.0, 0.0, 0.0, 1.0]]"
"[[0.998050510815841, -0.05072504235677772, 0.03636166341309494, -0.013436483310693676], [0.04750946210451073, 0.9952970144405026, 0.08441973120153848, 1.1716200284920466], [-0.040472851324034304, -0.08252763360559058, 0.995766580448781, -0.013809202516907634], [0.0, 0.0, 0.0, 1.0]]","[[0.7443376779556274, -0.6275574564933777, -0.22832636535167694, -0.28521472215652466], [0.2468636929988861, 0.5762609243392944, -0.779090166091919, 0.8800588846206665], [0.6204994916915894, 0.5235406160354614, 0.5838539600372314, -0.1430901288986206], [0.0, 0.0, 0.0, 1.0]]","[[0.6064136624336243, 0.7946507930755615, 0.028147831559181213, 0.17225292325019836], [-0.3257244825363159, 0.28054848313331604, -0.9028818607330322, 0.8672881722450256], [-0.725372850894928, 0.5383514165878296, 0.42896583676338196, -0.1866769790649414], [0.0, 0.0, 0.0, 1.0]]"
"[[0.9979805350016119, -0.05147224204285121, 0.03722222927172533, -0.013731012507554635], [0.04810689850108645, 0.995110452129791, 0.08626079452143874, 1.1714183478024291], [-0.041480265230342206, -0.08429594445122507, 0.9955770374150602, -0.0137043806343683], [0.0, 0.0, 0.0, 1.0]]","[[0.7441825270652771, -0.6306419968605042, -0.22018836438655853, -0.28508317470550537], [0.25678321719169617, 0.5743944644927979, -0.7772601246833801, 0.8794472813606262], [0.6166478991508484, 0.5218827128410339, 0.5893926620483398, -0.1432206779718399], [0.0, 0.0, 0.0, 1.0]]","[[0.60005784034729, 0.7993003726005554, 0.03239557147026062, 0.17235368490219116], [-0.3279300630092621, 0.2827204167842865, -0.9014050364494324, 0.8672469854354858], [-0.7296522855758667, 0.5302716493606567, 0.431763231754303, -0.1867121309041977], [0.0, 0.0, 0.0, 1.0]]"
