Head Pose,Left Arm Pose,Right Arm Pose
"[[0.0, 0.0, 0.0, 0.0], [0.0, 0.0, 0.0, 0.0], [0.0, 0.0, 0.0, 0.0], [0.0, 0.0, 0.0, 0.0]]","[[0.0, 0.0, 0.0, 0.0], [0.0, 0.0, 0.0, 0.0], [0.0, 0.0, 0.0, 0.0], [0.0, 0.0, 0.0, 0.0]]","[[0.0, 0.0, 0.0, 0.0], [0.0, 0.0, 0.0, 0.0], [0.0, 0.0, 0.0, 0.0], [0.0, 0.0, 0.0, 0.0]]"
"[[0.847998304005088, 0.32982091628272336, -0.41486990682251124, -0.5000000000000001], [2.7755575615628914e-17, 0.7827749746443304, 0.6223048602337666, 0.7499999999999999], [0.5299989400031799, -0.5277134660523575, 0.663791850916018, 0.8000000000000002], [0.0, 0.0, 0.0, 1.0]]","[[0.0, 0.0, 0.0, 0.0], [0.0, 0.0, 0.0, 0.0], [0.0, 0.0, 0.0, 0.0], [0.0, 0.0, 0.0, 0.0]]","[[0.0, 0.0, 0.0, 0.0], [0.0, 0.0, 0.0, 0.0], [0.0, 0.0, 0.0, 0.0], [0.0, 0.0, 0.0, 0.0]]"
"[[0.847998304005088, 0.32982091628272336, -0.4148699068225112, -0.5000000000000001], [0.0, 0.7827749746443304, 0.6223048602337666, 0.7499999999999999], [0.5299989400031799, -0.5277134660523575, 0.663791850916018, 0.8000000000000002], [0.0, 0.0, 0.0, 1.0]]","[[0.0, 0.0, 0.0, 0.0], [0.0, 0.0, 0.0, 0.0], [0.0, 0.0, 0.0, 0.0], [0.0, 0.0, 0.0, 0.0]]","[[0.0, 0.0, 0.0, 0.0], [0.0, 0.0, 0.0, 0.0], [0.0, 0.0, 0.0, 0.0], [0.0, 0.0, 0.0, 0.0]]"
"[[1.0, 0.0, 0.0, 0.0], [0.0, 1.0, 0.0, 0.0], [0.0, 0.0, 1.0, 0.0], [0.0, 0.0, 0.0, 1.0]]","[[0.0, 0.0, 0.0, 0.0], [0.0, 0.0, 0.0, 0.0], [0.0, 0.0, 0.0, 0.0], [0.0, 0.0, 0.0, 0.0]]","[[0.0, 0.0, 0.0, 0.0], [0.0, 0.0, 0.0, 0.0], [0.0, 0.0, 0.0, 0.0], [0.0, 0.0, 0.0, 0.0]]"
"[[0.9999999403953531, -0.00027786971587785215, 0.00010991620405076218, -0.00010559760461810115], [0.0002802102029686356, 0.999760150901244, -0.02189973331889215, -0.029541105319483268], [-0.00010380456621095392, 0.021899763868245464, 0.9997601509176056, -0.017779947882209338], [0.0, 0.0, 0.0, 1.0]]","[[0.0, 0.0, 0.0, 0.0], [0.0, 0.0, 0.0, 0.0], [0.0, 0.0, 0.0, 0.0], [0.0, 0.0, 0.0, 0.0]]","[[0.0, 0.0, 0.0, 0.0], [0.0, 0.0, 0.0, 0.0], [0.0, 0.0, 0.0, 0.0], [0.0, 0.0, 0.0, 0.0]]"
"[[0.9994205832440051, 0.03401166182799959, -0.0013236392883788763, -0.00187375751214428], [-0.033591214745801415, 0.991849183515722, 0.12290992162415534, 1.5829368806954767], [0.00549322146566397, -0.12279424496701219, 0.9924169188041259, -0.014640228404263746], [0.0, 0.0, 0.0, 1.0]]","[[0.0, 0.0, 0.0, 0.0], [0.0, 0.0, 0.0, 0.0], [0.0, 0.0, 0.0, 0.0], [0.0, 0.0, 0.0, 0.0]]","[[0.0, 0.0, 0.0, 0.0], [0.0, 0.0, 0.0, 0.0], [0.0, 0.0, 0.0, 0.0], [0.0, 0.0, 0.0, 0.0]]"
"[[0.9994302391502559, 0.03372434747784965, -0.0013800674585552194, -0.0020853237032375806], [-0.03330697643190991, 0.9920331239111213, 0.12149465738915788, 1.5841646311017172], [0.00546640062221128, -0.12137946576691286, 0.9925911427648129, -0.015426899084816485], [0.0, 0.0, 0.0, 1.0]]","[[0.6877822279930115, -0.7035625576972961, -0.1787600964307785, -0.23372621834278107], [0.6121458411216736, 0.694485604763031, -0.378109872341156, 1.2846884727478027], [0.39017030596733093, 0.1506299376487732, 0.9083378911018372, -0.2110721915960312], [0.0, 0.0, 0.0, 1.0]]","[[0.4921368658542633, 0.8669427633285522, -0.07881292700767517, 0.14474734663963318], [-0.4649357497692108, 0.18522518873214722, -0.8657518029212952, 1.2675715684890747], [-0.7359591722488403, 0.46271127462387085, 0.49422889947891235, -0.1930854320526123], [0.0, 0.0, 0.0, 1.0]]"
"[[0.9994308352104955, 0.03369990629209551, -0.0015385249391470296, -0.001991364599703295], [-0.03326604249821634, 0.9920898079825893, 0.12104208733790668, 1.583568426179002], [0.005605462170737598, -0.1209220144534752, 0.9926461577827999, -0.014855918215514421], [0.0, 0.0, 0.0, 1.0]]","[[0.6877822279930115, -0.7035625576972961, -0.1787600964307785, -0.23372621834278107], [0.6121458411216736, 0.694485604763031, -0.378109872341156, 1.2846884727478027], [0.39017030596733093, 0.1506299376487732, 0.9083378911018372, -0.2110721915960312], [0.0, 0.0, 0.0, 1.0]]","[[0.4921368658542633, 0.8669427633285522, -0.07881292700767517, 0.14474734663963318], [-0.4649357497692108, 0.18522518873214722, -0.8657518029212952, 1.2675715684890747], [-0.7359591722488403, 0.46271127462387085, 0.49422889947891235, -0.1930854320526123], [0.0, 0.0, 0.0, 1.0]]"
"[[0.9994308352104955, 0.03369990629209551, -0.0015385249391470296, -0.001991364599703295], [-0.03326604249821634, 0.9920898079825893, 0.12104208733790668, 1.583568426179002], [0.005605462170737598, -0.1209220144534752, 0.9926461577827999, -0.014855918215514421], [0.0, 0.0, 0.0, 1.0]]","[[0.684426486492157, -0.7072523832321167, -0.17707175016403198, -0.23420006036758423], [0.6140825152397156, 0.6901314854621887, -0.38291147351264954, 1.2845805883407593], [0.39301782846450806, 0.15333807468414307, 0.9066556096076965, -0.21131694316864014], [0.0, 0.0, 0.0, 1.0]]","[[0.5003858208656311, 0.8622108101844788, -0.07878056913614273, 0.14482493698596954], [-0.4683484733104706, 0.19302740693092346, -0.8622006177902222, 1.267848014831543], [-0.7281920313835144, 0.46832963824272156, 0.5004034042358398, -0.19272905588150024], [0.0, 0.0, 0.0, 1.0]]"
"[[0.9994304180705972, 0.033682668385809876, -0.002074189137004125, -0.0019858553240630346], [-0.03318264541237931, 0.9920626875139053, 0.12128706028016058, 1.583642998952247], [0.0061429975300209645, -0.12114915500132603, 0.9926152828388257, -0.015282829818179876], [0.0, 0.0, 0.0, 1.0]]","[[0.6826393604278564, -0.711155891418457, -0.1681087166070938, -0.2348266988992691], [0.6177483797073364, 0.6844881772994995, -0.38712096214294434, 1.2843719720840454], [0.3903718590736389, 0.16041503846645355, 0.9065741896629333, -0.21134300529956818], [0.0, 0.0, 0.0, 1.0]]","[[0.500154972076416, 0.8623360395431519, -0.0788758248090744, 0.14494433999061584], [-0.4709891974925995, 0.19447186589241028, -0.8604356646537781, 1.267805576324463], [-0.7266457080841064, 0.46750080585479736, 0.5034171938896179, -0.1924687772989273], [0.0, 0.0, 0.0, 1.0]]"
"[[0.9994304180705972, 0.033682668385809876, -0.002074189137004125, -0.0019858553240630346], [-0.03318264541237931, 0.9920626875139053, 0.12128706028016058, 1.583642998952247], [0.0061429975300209645, -0.12114915500132603, 0.9926152828388257, -0.015282829818179876], [0.0, 0.0, 0.0, 1.0]]","[[0.6784780621528625, -0.7158797979354858, -0.16487455368041992, -0.23585161566734314], [0.6241861581802368, 0.6801241636276245, -0.38447725772857666, 1.2840174436569214], [0.3873746693134308, 0.15794698894023895, 0.9082915782928467, -0.21153856813907623], [0.0, 0.0, 0.0, 1.0]]","[[0.5009406208992004, 0.861646831035614, -0.08138330280780792, 0.14498130977153778], [-0.47326013445854187, 0.19398033618927002, -0.8593000173568726, 1.2675153017044067], [-0.724626362323761, 0.4689737856388092, 0.5049557089805603, -0.19243371486663818], [0.0, 0.0, 0.0, 1.0]]"
"[[0.9994332194642033, 0.03360359463338733, -0.0019954977287301215, -0.0014316979680454238], [-0.03311007004733204, 0.9919925330896756, 0.12187914480322909, 1.583564256392184], [0.006075096203913414, -0.12174400012141162, 0.9925429225825031, -0.015493643725225693], [0.0, 0.0, 0.0, 1.0]]","[[0.6784780621528625, -0.7158797979354858, -0.16487455368041992, -0.23585161566734314], [0.6241861581802368, 0.6801241636276245, -0.38447725772857666, 1.2840174436569214], [0.3873746693134308, 0.15794698894023895, 0.9082915782928467, -0.21153856813907623], [0.0, 0.0, 0.0, 1.0]]","[[0.5009406208992004, 0.861646831035614, -0.08138330280780792, 0.14498130977153778], [-0.47326013445854187, 0.19398033618927002, -0.8593000173568726, 1.2675153017044067], [-0.724626362323761, 0.4689737856388092, 0.5049557089805603, -0.19243371486663818], [0.0, 0.0, 0.0, 1.0]]"
"[[0.9994269013315137, 0.03380035956066004, -0.0018549277809710813, -0.001387798357020659], [-0.03331852357227457, 0.9919043781067302, 0.12253786008668956, 1.58365402567873], [0.005981735033981351, -0.12240582574294992, 0.9924620984378139, -0.015670272246068047], [0.0, 0.0, 0.0, 1.0]]","[[0.6596249341964722, -0.7367333173751831, -0.14872406423091888, -0.23715567588806152], [0.6519381999969482, 0.6593134999275208, -0.3745426833629608, 1.2826447486877441], [0.3739938735961914, 0.1500987708568573, 0.9152042865753174, -0.21154530346393585], [0.0, 0.0, 0.0, 1.0]]","[[0.5027208924293518, 0.8606118559837341, -0.08135557174682617, 0.14555367827415466], [-0.47542262077331543, 0.1966540515422821, -0.8574965000152588, 1.2665072679519653], [-0.7219728827476501, 0.46975964307785034, 0.5080165863037109, -0.19274888932704926], [0.0, 0.0, 0.0, 1.0]]"
"[[0.9994155764880815, 0.03415621902247406, -0.0013735487723014349, -0.001116133270397582], [-0.03372250412205718, 0.9917109011983674, 0.12398504439649403, 1.5836240007783962], [0.005597023513052707, -0.12386626031341733, 0.9922831654872212, -0.016056669660678962], [0.0, 0.0, 0.0, 1.0]]","[[0.6596249341964722, -0.7367333173751831, -0.14872406423091888, -0.23715567588806152], [0.6519381999969482, 0.6593134999275208, -0.3745426833629608, 1.2826447486877441], [0.3739938735961914, 0.1500987708568573, 0.9152042865753174, -0.21154530346393585], [0.0, 0.0, 0.0, 1.0]]","[[0.5027208924293518, 0.8606118559837341, -0.08135557174682617, 0.14555367827415466], [-0.47542262077331543, 0.1966540515422821, -0.8574965000152588, 1.2665072679519653], [-0.7219728827476501, 0.46975964307785034, 0.5080165863037109, -0.19274888932704926], [0.0, 0.0, 0.0, 1.0]]"
"[[0.9994155764880815, 0.03415621902247406, -0.0013735487723014349, -0.001116133270397582], [-0.03372250412205718, 0.9917109011983674, 0.12398504439649403, 1.5836240007783962], [0.005597023513052707, -0.12386626031341733, 0.9922831654872212, -0.016056669660678962], [0.0, 0.0, 0.0, 1.0]]","[[0.6539077162742615, -0.7409437894821167, -0.1529935896396637, -0.23778773844242096], [0.6537050604820251, 0.6551291942596436, -0.37878137826919556, 1.2817513942718506], [0.3808862864971161, 0.14767535030841827, 0.9127527475357056, -0.21173050999641418], [0.0, 0.0, 0.0, 1.0]]","[[0.5023356676101685, 0.8607809543609619, -0.08194509148597717, 0.14584562182426453], [-0.47726184129714966, 0.1969934105873108, -0.8563963174819946, 1.2659555673599243], [-0.7210270166397095, 0.46930763125419617, 0.5097747445106506, -0.19294683635234833], [0.0, 0.0, 0.0, 1.0]]"
"[[0.9993936419490108, 0.03479845079392511, -0.0012077033867833522, -0.0010068048391130976], [-0.03437646475821419, 0.9916014674476846, 0.12467885268973738, 1.5834991407321573], [0.005536191270336757, -0.12456173198176002, 0.9921964403807126, -0.01635472841832799], [0.0, 0.0, 0.0, 1.0]]","[[0.6539077162742615, -0.7409437894821167, -0.1529935896396637, -0.23778773844242096], [0.6537050604820251, 0.6551291942596436, -0.37878137826919556, 1.2817513942718506], [0.3808862864971161, 0.14767535030841827, 0.9127527475357056, -0.21173050999641418], [0.0, 0.0, 0.0, 1.0]]","[[0.5023356676101685, 0.8607809543609619, -0.08194509148597717, 0.14584562182426453], [-0.47726184129714966, 0.1969934105873108, -0.8563963174819946, 1.2659555673599243], [-0.7210270166397095, 0.46930763125419617, 0.5097747445106506, -0.19294683635234833], [0.0, 0.0, 0.0, 1.0]]"
"[[0.9993795156745003, 0.03520932496754364, -0.000956187363378138, -0.0009820953998567552], [-0.034810236829836826, 0.991464077958184, 0.1256474370673441, 1.5834457743418868], [0.005371986840721786, -0.12553619196860583, 0.9920744900348863, -0.016496489540598402], [0.0, 0.0, 0.0, 1.0]]","[[0.6539077162742615, -0.7409437894821167, -0.1529935896396637, -0.23778773844242096], [0.6537050604820251, 0.6551291942596436, -0.37878137826919556, 1.2817513942718506], [0.3808862864971161, 0.14767535030841827, 0.9127527475357056, -0.21173050999641418], [0.0, 0.0, 0.0, 1.0]]","[[0.5023356676101685, 0.8607809543609619, -0.08194509148597717, 0.14584562182426453], [-0.47726184129714966, 0.1969934105873108, -0.8563963174819946, 1.2659555673599243], [-0.7210270166397095, 0.46930763125419617, 0.5097747445106506, -0.19294683635234833], [0.0, 0.0, 0.0, 1.0]]"
"[[0.9993744492175604, 0.035363673109781946, -0.0003621919647867858, -0.00091480578551794], [-0.0350337001790879, 0.9913452861106272, 0.12651961809526324, 1.5833737320278365], [0.004833255599105444, -0.12642778688539638, 0.9919640424829472, -0.016811643183400088], [0.0, 0.0, 0.0, 1.0]]","[[0.6539077162742615, -0.7409437894821167, -0.1529935896396637, -0.23778773844242096], [0.6537050604820251, 0.6551291942596436, -0.37878137826919556, 1.2817513942718506], [0.3808862864971161, 0.14767535030841827, 0.9127527475357056, -0.21173050999641418], [0.0, 0.0, 0.0, 1.0]]","[[0.5023356676101685, 0.8607809543609619, -0.08194509148597717, 0.14584562182426453], [-0.47726184129714966, 0.1969934105873108, -0.8563963174819946, 1.2659555673599243], [-0.7210270166397095, 0.46930763125419617, 0.5097747445106506, -0.19294683635234833], [0.0, 0.0, 0.0, 1.0]]"
"[[0.9993847012412912, 0.035074095904493736, 0.00021403769905451063, -0.0008909714546098958], [-0.034818422317838285, 0.9913262722390764, 0.12672757900430623, 1.5832901457254047], [0.004232674221287075, -0.12665705584810316, 0.9919375183777994, -0.017028227898854217], [0.0, 0.0, 0.0, 1.0]]","[[0.6558860540390015, -0.7383325695991516, -0.15709321200847626, -0.2376086562871933], [0.6511447429656982, 0.6586608290672302, -0.3770626485347748, 1.280202865600586], [0.3818688690662384, 0.14501963555812836, 0.9127680063247681, -0.21224291622638702], [0.0, 0.0, 0.0, 1.0]]","[[0.4978117346763611, 0.8636518120765686, -0.07930232584476471, 0.1462983340024948], [-0.47525081038475037, 0.1951589733362198, -0.8579332232475281, 1.2653605937957764], [-0.7254791259765625, 0.4647776484489441, 0.5076037645339966, -0.19387035071849823], [0.0, 0.0, 0.0, 1.0]]"
"[[0.9993872642828137, 0.03499984454730885, 0.00031298221954237414, -0.000821953481654845], [-0.03475839186092482, 0.9913619748283854, 0.12646477778380563, 1.5832178920960442], [0.004115968656764373, -0.12639816741520724, 0.9919710763459327, -0.017205802761191942], [0.0, 0.0, 0.0, 1.0]]","[[0.6558860540390015, -0.7383325695991516, -0.15709321200847626, -0.2376086562871933], [0.6511447429656982, 0.6586608290672302, -0.3770626485347748, 1.280202865600586], [0.3818688690662384, 0.14501963555812836, 0.9127680063247681, -0.21224291622638702], [0.0, 0.0, 0.0, 1.0]]","[[0.4978117346763611, 0.8636518120765686, -0.07930232584476471, 0.1462983340024948], [-0.47525081038475037, 0.1951589733362198, -0.8579332232475281, 1.2653605937957764], [-0.7254791259765625, 0.4647776484489441, 0.5076037645339966, -0.19387035071849823], [0.0, 0.0, 0.0, 1.0]]"
"[[0.9993872642828137, 0.03499984454730885, 0.00031298221954237414, -0.000821953481654845], [-0.03475839186092482, 0.9913619748283854, 0.12646477778380563, 1.5832178920960442], [0.004115968656764373, -0.12639816741520724, 0.9919710763459327, -0.017205802761191942], [0.0, 0.0, 0.0, 1.0]]","[[0.66619473695755, -0.7302314043045044, -0.1514807790517807, -0.23596736788749695], [0.6482690572738647, 0.6674349308013916, -0.36643919348716736, 1.2808456420898438], [0.36868903040885925, 0.14591948688030243, 0.9180282354354858, -0.21227392554283142], [0.0, 0.0, 0.0, 1.0]]","[[0.4969606399536133, 0.8640350103378296, -0.08045816421508789, 0.14611423015594482], [-0.47652846574783325, 0.19423799216747284, -0.8574333786964417, 1.2651394605636597], [-0.7252245545387268, 0.4644511938095093, 0.508266031742096, -0.19437146186828613], [0.0, 0.0, 0.0, 1.0]]"
"[[0.9993848800948811, 0.03506280187853205, 0.0006407496354814505, -0.000840355805762044], [-0.034865877736727155, 0.9914783237038585, 0.12551954226763434, 1.5831072841425005], [0.0037657772724788634, -0.12546467942921927, 0.9920909406805065, -0.01740872253282756], [0.0, 0.0, 0.0, 1.0]]","[[0.6687402129173279, -0.7264534831047058, -0.15827764570713043, -0.23472462594509125], [0.6425371170043945, 0.6717926263809204, -0.3685656487941742, 1.2814550399780273], [0.37407559156417847, 0.1447753757238388, 0.9160281419754028, -0.21274599432945251], [0.0, 0.0, 0.0, 1.0]]","[[0.49291229248046875, 0.8663133382797241, -0.08086240291595459, 0.14598572254180908], [-0.4811190664768219, 0.1939455270767212, -0.8549324870109558, 1.2649751901626587], [-0.7249565124511719, 0.4603112041950226, 0.5123980045318604, -0.19520193338394165], [0.0, 0.0, 0.0, 1.0]]"
"[[0.999393463181969, 0.03481213882885859, 0.0008750543964701962, -0.0009359438900610035], [-0.03464741870440561, 0.9915154575540007, 0.12528634048424447, 1.583141969886599], [0.0034938553034003237, -0.1252406688836984, 0.9921202659897949, -0.01733944908605985], [0.0, 0.0, 0.0, 1.0]]","[[0.6687402129173279, -0.7264534831047058, -0.15827764570713043, -0.23472462594509125], [0.6425371170043945, 0.6717926263809204, -0.3685656487941742, 1.2814550399780273], [0.37407559156417847, 0.1447753757238388, 0.9160281419754028, -0.21274599432945251], [0.0, 0.0, 0.0, 1.0]]","[[0.49291229248046875, 0.8663133382797241, -0.08086240291595459, 0.14598572254180908], [-0.4811190664768219, 0.1939455270767212, -0.8549324870109558, 1.2649751901626587], [-0.7249565124511719, 0.4603112041950226, 0.5123980045318604, -0.19520193338394165], [0.0, 0.0, 0.0, 1.0]]"
"[[0.9994050860346049, 0.03447217849467697, 0.0010741188718887682, -0.0009603835929968148], [-0.034334834838166794, 0.9915172456635117, 0.12535828263356089, 1.5831577014895504], [0.0032563656398045546, -0.1253205844681084, 0.9921109677481005, -0.01727278324981996], [0.0, 0.0, 0.0, 1.0]]","[[0.6687402129173279, -0.7264534831047058, -0.15827764570713043, -0.23472462594509125], [0.6425371170043945, 0.6717926263809204, -0.3685656487941742, 1.2814550399780273], [0.37407559156417847, 0.1447753757238388, 0.9160281419754028, -0.21274599432945251], [0.0, 0.0, 0.0, 1.0]]","[[0.49291229248046875, 0.8663133382797241, -0.08086240291595459, 0.14598572254180908], [-0.4811190664768219, 0.1939455270767212, -0.8549324870109558, 1.2649751901626587], [-0.7249565124511719, 0.4603112041950226, 0.5123980045318604, -0.19520193338394165], [0.0, 0.0, 0.0, 1.0]]"
"[[0.9994438886176371, 0.03331969538155963, 0.0013129474794687668, -0.001466126588655676], [-0.033221506984792516, 0.9915606377343589, 0.12531474024003783, 1.5831878588183224], [0.0028735820636348755, -0.12528866738134592, 0.9921161535037794, -0.017475552012017746], [0.0, 0.0, 0.0, 1.0]]","[[0.6853868365287781, -0.710718035697937, -0.15850774943828583, -0.23073923587799072], [0.631747305393219, 0.688616931438446, -0.35595229268074036, 1.2860791683197021], [0.36213284730911255, 0.1438281387090683, 0.9209632277488708, -0.2149575650691986], [0.0, 0.0, 0.0, 1.0]]","[[0.4878489077091217, 0.8701802492141724, -0.06920749694108963, 0.14557981491088867], [-0.4740082323551178, 0.19749757647514343, -0.8580855131149292, 1.2679660320281982], [-0.7330208420753479, 0.45142096281051636, 0.5088216662406921, -0.1989545226097107], [0.0, 0.0, 0.0, 1.0]]"
"[[0.9994556903455939, 0.03296476113059852, 0.001297242887553155, -0.0016479407367783715], [-0.03286772710821302, 0.9915866261373418, 0.125202347006351, 1.5831016834820804], [0.0028409368305023306, -0.1251768279413878, 0.9921303982281117, -0.017592743353412117], [0.0, 0.0, 0.0, 1.0]]","[[0.6853868365287781, -0.710718035697937, -0.15850774943828583, -0.23073923587799072], [0.631747305393219, 0.688616931438446, -0.35595229268074036, 1.2860791683197021], [0.36213284730911255, 0.1438281387090683, 0.9209632277488708, -0.2149575650691986], [0.0, 0.0, 0.0, 1.0]]","[[0.4878489077091217, 0.8701802492141724, -0.06920749694108963, 0.14557981491088867], [-0.4740082323551178, 0.19749757647514343, -0.8580855131149292, 1.2679660320281982], [-0.7330208420753479, 0.45142096281051636, 0.5088216662406921, -0.1989545226097107], [0.0, 0.0, 0.0, 1.0]]"
"[[0.9994767308046731, 0.03230631291978495, 0.0016182383699042747, -0.0020240921564384623], [-0.032254346309970476, 0.9915913944861279, 0.12532414906748263, 1.583135444981858], [0.002444129990383797, -0.125310759608665, 0.9921145433961022, -0.017307441090950827], [0.0, 0.0, 0.0, 1.0]]","[[0.695040225982666, -0.7000219821929932, -0.16397666931152344, -0.22856178879737854], [0.621207594871521, 0.6995265483856201, -0.3532191216945648, 1.2899194955825806], [0.36196717619895935, 0.14363792538642883, 0.9210580587387085, -0.2181774526834488], [0.0, 0.0, 0.0, 1.0]]","[[0.4825984835624695, 0.8746861815452576, -0.04497359320521355, 0.14585021138191223], [-0.460313618183136, 0.20961813628673553, -0.8626536726951599, 1.2718737125396729], [-0.745124101638794, 0.4370172321796417, 0.5037915110588074, -0.202503964304924], [0.0, 0.0, 0.0, 1.0]]"
"[[0.999504804595616, 0.03137817929035682, 0.0023463877853837855, -0.002518643617797607], [-0.0314244930958126, 0.9915950896670213, 0.12550571731247193, 1.5831608293603243], [0.001611474273250724, -0.12551730700813046, 0.992090105794994, -0.016904020092227655], [0.0, 0.0, 0.0, 1.0]]","[[0.7084745168685913, -0.6845706701278687, -0.17154233157634735, -0.2253141850233078], [0.6069043278694153, 0.7150400280952454, -0.34696507453918457, 1.297104001045227], [0.3601817786693573, 0.14170609414577484, 0.9220566153526306, -0.22227683663368225], [0.0, 0.0, 0.0, 1.0]]","[[0.5074923038482666, 0.8616193532943726, -0.007962922565639019, 0.14622902870178223], [-0.4299517869949341, 0.24521063268184662, -0.868914783000946, 1.2790066003799438], [-0.7467213869094849, 0.4443911612033844, 0.4948974549770355, -0.20765741169452667], [0.0, 0.0, 0.0, 1.0]]"
"[[0.9995191693364677, 0.0308965893517381, 0.0026031383879233133, -0.0026732315743759416], [-0.030979065032755753, 0.9916210766199531, 0.12541117920481298, 1.5831778795324714], [0.0012934507669631352, -0.12543152616418274, 0.9921014313272883, -0.01676191421206597], [0.0, 0.0, 0.0, 1.0]]","[[0.7084745168685913, -0.6845706701278687, -0.17154233157634735, -0.2253141850233078], [0.6069043278694153, 0.7150400280952454, -0.34696507453918457, 1.297104001045227], [0.3601817786693573, 0.14170609414577484, 0.9220566153526306, -0.22227683663368225], [0.0, 0.0, 0.0, 1.0]]","[[0.5074923038482666, 0.8616193532943726, -0.007962922565639019, 0.14622902870178223], [-0.4299517869949341, 0.24521063268184662, -0.868914783000946, 1.2790066003799438], [-0.7467213869094849, 0.4443911612033844, 0.4948974549770355, -0.20765741169452667], [0.0, 0.0, 0.0, 1.0]]"
"[[0.999539315704254, 0.030215159180471685, 0.0028714723632538713, -0.0028486128115086094], [-0.030337104451945054, 0.9916978480486057, 0.12496029006486241, 1.5832084587029331], [0.0009280621054450078, -0.12498983574862171, 0.9921575782593917, -0.01634761372205772], [0.0, 0.0, 0.0, 1.0]]","[[0.7039203643798828, -0.6821305751800537, -0.19797438383102417, -0.22068306803703308], [0.6035972833633423, 0.7214049100875854, -0.3394777774810791, 1.3076092004776], [0.3743879199028015, 0.11946845799684525, 0.9195438623428345, -0.2273591160774231], [0.0, 0.0, 0.0, 1.0]]","[[0.5342562198638916, 0.8451977968215942, 0.0145136509090662, 0.14634275436401367], [-0.42723220586776733, 0.2847925126552582, -0.858117401599884, 1.287522554397583], [-0.7294125556945801, 0.4522537589073181, 0.513248085975647, -0.2132871448993683], [0.0, 0.0, 0.0, 1.0]]"
"[[0.9995671510539231, 0.029222879023379233, 0.003400973822612768, -0.003072539256037219], [-0.029418930946761235, 0.9917876718369247, 0.12446585120994028, 1.583402086453107], [0.00026420660262786304, -0.12451202598970952, 0.9922180774048125, -0.01594338438602537], [0.0, 0.0, 0.0, 1.0]]","[[0.7039203643798828, -0.6821305751800537, -0.19797438383102417, -0.22068306803703308], [0.6035972833633423, 0.7214049100875854, -0.3394777774810791, 1.3076092004776], [0.3743879199028015, 0.11946845799684525, 0.9195438623428345, -0.2273591160774231], [0.0, 0.0, 0.0, 1.0]]","[[0.5342562198638916, 0.8451977968215942, 0.0145136509090662, 0.14634275436401367], [-0.42723220586776733, 0.2847925126552582, -0.858117401599884, 1.287522554397583], [-0.7294125556945801, 0.4522537589073181, 0.513248085975647, -0.2132871448993683], [0.0, 0.0, 0.0, 1.0]]"
"[[0.9995798468437397, 0.028745779243009365, 0.0037239564423089968, -0.0032253589408491935], [-0.0289857132018635, 0.991849780305968, 0.12407197224454368, 1.5834798549606637], [-0.00012705985714084772, -0.1241277812187246, 0.9922662375286235, -0.0155126451422458], [0.0, 0.0, 0.0, 1.0]]","[[0.7039203643798828, -0.6821305751800537, -0.19797438383102417, -0.22068306803703308], [0.6035972833633423, 0.7214049100875854, -0.3394777774810791, 1.3076092004776], [0.3743879199028015, 0.11946845799684525, 0.9195438623428345, -0.2273591160774231], [0.0, 0.0, 0.0, 1.0]]","[[0.5342562198638916, 0.8451977968215942, 0.0145136509090662, 0.14634275436401367], [-0.42723220586776733, 0.2847925126552582, -0.858117401599884, 1.287522554397583], [-0.7294125556945801, 0.4522537589073181, 0.513248085975647, -0.2132871448993683], [0.0, 0.0, 0.0, 1.0]]"
"[[0.9995890855920003, 0.02840947405657323, 0.003822611875060858, -0.003468282682193244], [-0.02866405389049498, 0.9919486641386509, 0.1233541962542946, 1.5834916120269549], [-0.0002874069058598017, -0.12341307878108672, 0.9923553467171592, -0.014928807365696906], [0.0, 0.0, 0.0, 1.0]]","[[0.7215839624404907, -0.6556484699249268, -0.22235466539859772, -0.2165149450302124], [0.5784836411476135, 0.747435986995697, -0.32664352655410767, 1.3175194263458252], [0.3803592324256897, 0.1070721447467804, 0.9186198115348816, -0.23355638980865479], [0.0, 0.0, 0.0, 1.0]]","[[0.5440673828125, 0.8378755450248718, 0.044217586517333984, 0.14642810821533203], [-0.43776118755340576, 0.328425794839859, -0.836959719657898, 1.2980990409851074], [-0.715790331363678, 0.43600571155548096, 0.54547518491745, -0.22096362709999084], [0.0, 0.0, 0.0, 1.0]]"
"[[0.9995968341940747, 0.028124027353518734, 0.003897716974496881, -0.003596193376235422], [-0.02838979249001193, 0.9920368196035774, 0.12270684667049173, 1.5835967276340133], [-0.0004156680231615516, -0.12276802830280545, 0.9924353359562851, -0.014400951608776164], [0.0, 0.0, 0.0, 1.0]]","[[0.7215839624404907, -0.6556484699249268, -0.22235466539859772, -0.2165149450302124], [0.5784836411476135, 0.747435986995697, -0.32664352655410767, 1.3175194263458252], [0.3803592324256897, 0.1070721447467804, 0.9186198115348816, -0.23355638980865479], [0.0, 0.0, 0.0, 1.0]]","[[0.5440673828125, 0.8378755450248718, 0.044217586517333984, 0.14642810821533203], [-0.43776118755340576, 0.328425794839859, -0.836959719657898, 1.2980990409851074], [-0.715790331363678, 0.43600571155548096, 0.54547518491745, -0.22096362709999084], [0.0, 0.0, 0.0, 1.0]]"
"[[0.9996074438136269, 0.027739454208927216, 0.00394006486305603, -0.003903217560332904], [-0.028012763560695594, 0.9921800493786861, 0.12163081735354854, 1.583787123337258], [-0.0005352812630719583, -0.12169344007986595, 0.9925675988565227, -0.013406383769467171], [0.0, 0.0, 0.0, 1.0]]","[[0.7769700884819031, -0.5637471675872803, -0.28019028902053833, -0.2055109143257141], [0.4995093047618866, 0.8229483366012573, -0.27064090967178345, 1.3449602127075195], [0.3831551671028137, 0.07032223045825958, 0.9210032224655151, -0.2489663064479828], [0.0, 0.0, 0.0, 1.0]]","[[0.6089786291122437, 0.7829914689064026, 0.1267642229795456, 0.14608269929885864], [-0.4449373185634613, 0.4695194661617279, -0.7626152038574219, 1.3254941701889038], [-0.6566396355628967, 0.40801408886909485, 0.6343095898628235, -0.23877191543579102], [0.0, 0.0, 0.0, 1.0]]"
"[[0.9996159672903249, 0.027421936992810536, 0.003989936759177461, -0.00407662813515041], [-0.027702995907260622, 0.9923173786247728, 0.12057694146713684, 1.5840388023890632], [-0.0006528302575984443, -0.12064117094197799, 0.9926959871043988, -0.012642263978488662], [0.0, 0.0, 0.0, 1.0]]","[[0.7769700884819031, -0.5637471675872803, -0.28019028902053833, -0.2055109143257141], [0.4995093047618866, 0.8229483366012573, -0.27064090967178345, 1.3449602127075195], [0.3831551671028137, 0.07032223045825958, 0.9210032224655151, -0.2489663064479828], [0.0, 0.0, 0.0, 1.0]]","[[0.6089786291122437, 0.7829914689064026, 0.1267642229795456, 0.14608269929885864], [-0.4449373185634613, 0.4695194661617279, -0.7626152038574219, 1.3254941701889038], [-0.6566396355628967, 0.40801408886909485, 0.6343095898628235, -0.23877191543579102], [0.0, 0.0, 0.0, 1.0]]"
"[[0.999618291869729, 0.027341628989025396, 0.003960553401206599, -0.0042234208493692575], [-0.02761939486320375, 0.9923825857412537, 0.12005840783597486, 1.584145962736241], [-0.0006477917585885343, -0.12012197280643928, 0.9927589299760244, -0.012043371541775112], [0.0, 0.0, 0.0, 1.0]]","[[0.7769700884819031, -0.5637471675872803, -0.28019028902053833, -0.2055109143257141], [0.4995093047618866, 0.8229483366012573, -0.27064090967178345, 1.3449602127075195], [0.3831551671028137, 0.07032223045825958, 0.9210032224655151, -0.2489663064479828], [0.0, 0.0, 0.0, 1.0]]","[[0.6089786291122437, 0.7829914689064026, 0.1267642229795456, 0.14608269929885864], [-0.4449373185634613, 0.4695194661617279, -0.7626152038574219, 1.3254941701889038], [-0.6566396355628967, 0.40801408886909485, 0.6343095898628235, -0.23877191543579102], [0.0, 0.0, 0.0, 1.0]]"
"[[0.9996381998191118, 0.026596464701539802, 0.004012293014547708, -0.0046569990017396095], [-0.02688436161672422, 0.9926195147099169, 0.11825283832873758, 1.5844595868652203], [-0.0008375729016373728, -0.11831792227898184, 0.9929754135426189, -0.010419490873627677], [0.0, 0.0, 0.0, 1.0]]","[[0.7769700884819031, -0.5637471675872803, -0.28019028902053833, -0.2055109143257141], [0.4995093047618866, 0.8229483366012573, -0.27064090967178345, 1.3449602127075195], [0.3831551671028137, 0.07032223045825958, 0.9210032224655151, -0.2489663064479828], [0.0, 0.0, 0.0, 1.0]]","[[0.6089786291122437, 0.7829914689064026, 0.1267642229795456, 0.14608269929885864], [-0.4449373185634613, 0.4695194661617279, -0.7626152038574219, 1.3254941701889038], [-0.6566396355628967, 0.40801408886909485, 0.6343095898628235, -0.23877191543579102], [0.0, 0.0, 0.0, 1.0]]"
"[[0.9996423721566492, 0.02644080391503141, 0.003998623937709943, -0.00479535624900974], [-0.026727776020996154, 0.9926793572749232, 0.11778521345422029, 1.584534684465933], [-0.0008550156975474804, -0.11784997029736284, 0.9930310251619191, -0.009950195653792234], [0.0, 0.0, 0.0, 1.0]]","[[0.7769700884819031, -0.5637471675872803, -0.28019028902053833, -0.2055109143257141], [0.4995093047618866, 0.8229483366012573, -0.27064090967178345, 1.3449602127075195], [0.3831551671028137, 0.07032223045825958, 0.9210032224655151, -0.2489663064479828], [0.0, 0.0, 0.0, 1.0]]","[[0.6089786291122437, 0.7829914689064026, 0.1267642229795456, 0.14608269929885864], [-0.4449373185634613, 0.4695194661617279, -0.7626152038574219, 1.3254941701889038], [-0.6566396355628967, 0.40801408886909485, 0.6343095898628235, -0.23877191543579102], [0.0, 0.0, 0.0, 1.0]]"
"[[0.9996423721566492, 0.02644080391503141, 0.003998623937709943, -0.00479535624900974], [-0.026727776020996154, 0.9926793572749232, 0.11778521345422029, 1.584534684465933], [-0.0008550156975474804, -0.11784997029736284, 0.9930310251619191, -0.009950195653792234], [0.0, 0.0, 0.0, 1.0]]","[[0.8110466599464417, -0.5007915496826172, -0.3023426830768585, -0.19733381271362305], [0.44213977456092834, 0.8631992936134338, -0.2437198907136917, 1.3652493953704834], [0.3830348551273346, 0.06399045884609222, 0.9215148091316223, -0.2623169422149658], [0.0, 0.0, 0.0, 1.0]]","[[0.6515950560569763, 0.7357507944107056, 0.18464718759059906, 0.14447809755802155], [-0.4300895631313324, 0.5588369369506836, -0.7090304493904114, 1.3487765789031982], [-0.6248574256896973, 0.3825858533382416, 0.6805741786956787, -0.255571573972702], [0.0, 0.0, 0.0, 1.0]]"
"[[0.9996461868461239, 0.026299216514856383, 0.003975054615695008, -0.0049620328027390834], [-0.0265842334270172, 0.9927058216360389, 0.11759450001957313, 1.584621725756215], [-0.0008534166090600388, -0.1176585732555162, 0.9930537346400146, -0.00910329262335292], [0.0, 0.0, 0.0, 1.0]]","[[0.8110466599464417, -0.5007915496826172, -0.3023426830768585, -0.19733381271362305], [0.44213977456092834, 0.8631992936134338, -0.2437198907136917, 1.3652493953704834], [0.3830348551273346, 0.06399045884609222, 0.9215148091316223, -0.2623169422149658], [0.0, 0.0, 0.0, 1.0]]","[[0.6515950560569763, 0.7357507944107056, 0.18464718759059906, 0.14447809755802155], [-0.4300895631313324, 0.5588369369506836, -0.7090304493904114, 1.3487765789031982], [-0.6248574256896973, 0.3825858533382416, 0.6805741786956787, -0.255571573972702], [0.0, 0.0, 0.0, 1.0]]"
"[[0.9996519685054829, 0.026089950535097235, 0.003902273134059528, -0.005073944699906374], [-0.026367600005469245, 0.9927489160621924, 0.11727906712267139, 1.5847077306209452], [-0.000814172324993389, -0.11734114638593462, 0.9930913448944059, -0.008646634094676628], [0.0, 0.0, 0.0, 1.0]]","[[0.8110466599464417, -0.5007915496826172, -0.3023426830768585, -0.19733381271362305], [0.44213977456092834, 0.8631992936134338, -0.2437198907136917, 1.3652493953704834], [0.3830348551273346, 0.06399045884609222, 0.9215148091316223, -0.2623169422149658], [0.0, 0.0, 0.0, 1.0]]","[[0.6515950560569763, 0.7357507944107056, 0.18464718759059906, 0.14447809755802155], [-0.4300895631313324, 0.5588369369506836, -0.7090304493904114, 1.3487765789031982], [-0.6248574256896973, 0.3825858533382416, 0.6805741786956787, -0.255571573972702], [0.0, 0.0, 0.0, 1.0]]"
"[[0.9996577501476903, 0.025881311614634115, 0.003812754225565446, -0.005193642112230395], [-0.026149622406242783, 0.9927974938573682, 0.11691601524107295, 1.5848142202074689], [-0.000759352998228417, -0.11697570284850761, 0.9931344986556846, -0.008112345022011368], [0.0, 0.0, 0.0, 1.0]]","[[0.8288038969039917, -0.46741461753845215, -0.3075835704803467, -0.19109265506267548], [0.4075694978237152, 0.8809396028518677, -0.24048380553722382, 1.3813890218734741], [0.38336822390556335, 0.07395219802856445, 0.920630156993866, -0.27422896027565], [0.0, 0.0, 0.0, 1.0]]","[[0.7018951773643494, 0.6724238395690918, 0.2349238395690918, 0.14309130609035492], [-0.39979088306427, 0.6448838710784912, -0.6513769626617432, 1.3686338663101196], [-0.5895000696182251, 0.3632779121398926, 0.7214698791503906, -0.2687012851238251], [0.0, 0.0, 0.0, 1.0]]"
"[[0.9996700286863377, 0.025438252832470077, 0.003563256327432064, -0.005497080944926944], [-0.025679871443929553, 0.9929205772012335, 0.11597116758483873, 1.584986392333231], [-0.0005879266202482864, -0.11602440754514716, 0.9932461980257123, -0.007148185039948091], [0.0, 0.0, 0.0, 1.0]]","[[0.8288038969039917, -0.46741461753845215, -0.3075835704803467, -0.19109265506267548], [0.4075694978237152, 0.8809396028518677, -0.24048380553722382, 1.3813890218734741], [0.38336822390556335, 0.07395219802856445, 0.920630156993866, -0.27422896027565], [0.0, 0.0, 0.0, 1.0]]","[[0.7018951773643494, 0.6724238395690918, 0.2349238395690918, 0.14309130609035492], [-0.39979088306427, 0.6448838710784912, -0.6513769626617432, 1.3686338663101196], [-0.5895000696182251, 0.3632779121398926, 0.7214698791503906, -0.2687012851238251], [0.0, 0.0, 0.0, 1.0]]"
"[[0.9996777772921606, 0.025146393178602518, 0.0034660190953508764, -0.005672219477121162], [-0.025378433914283453, 0.9929866195773817, 0.1154707753892, 1.5852008080166424], [-0.0005380370626590387, -0.11552152690934585, 0.9933048485645821, -0.006658189797595974], [0.0, 0.0, 0.0, 1.0]]","[[0.8288038969039917, -0.46741461753845215, -0.3075835704803467, -0.19109265506267548], [0.4075694978237152, 0.8809396028518677, -0.24048380553722382, 1.3813890218734741], [0.38336822390556335, 0.07395219802856445, 0.920630156993866, -0.27422896027565], [0.0, 0.0, 0.0, 1.0]]","[[0.7018951773643494, 0.6724238395690918, 0.2349238395690918, 0.14309130609035492], [-0.39979088306427, 0.6448838710784912, -0.6513769626617432, 1.3686338663101196], [-0.5895000696182251, 0.3632779121398926, 0.7214698791503906, -0.2687012851238251], [0.0, 0.0, 0.0, 1.0]]"
"[[0.9996933341059546, 0.0245377888430513, 0.003340618217750153, -0.005989849471047821], [-0.024758949736817942, 0.9931107164850266, 0.1145342452027124, 1.5853960273032717], [-0.0005071866340798533, -0.11458182953817433, 0.9934136866076739, -0.005892926287806667], [0.0, 0.0, 0.0, 1.0]]","[[0.8569918274879456, -0.4266325533390045, -0.2890494763851166, -0.18618959188461304], [0.370033860206604, 0.8998313546180725, -0.23103779554367065, 1.3943105936050415], [0.35866403579711914, 0.09103940427303314, 0.929016649723053, -0.28498876094818115], [0.0, 0.0, 0.0, 1.0]]","[[0.7326222062110901, 0.6308577060699463, 0.25550559163093567, 0.14140498638153076], [-0.385114461183548, 0.6937363147735596, -0.6086186170578003, 1.3832526206970215], [-0.5612053275108337, 0.34748855233192444, 0.7511991262435913, -0.2791168689727783], [0.0, 0.0, 0.0, 1.0]]"
"[[0.9997256398067658, 0.023202655266694742, 0.003199099138147392, -0.006607435997177314], [-0.023415336955614378, 0.9933641553737613, 0.112602517607822, 1.585862440328504], [-0.0005651930288866093, -0.1126465344399075, 0.9936349391257091, -0.004640870684944471], [0.0, 0.0, 0.0, 1.0]]","[[0.8569918274879456, -0.4266325533390045, -0.2890494763851166, -0.18618959188461304], [0.370033860206604, 0.8998313546180725, -0.23103779554367065, 1.3943105936050415], [0.35866403579711914, 0.09103940427303314, 0.929016649723053, -0.28498876094818115], [0.0, 0.0, 0.0, 1.0]]","[[0.7326222062110901, 0.6308577060699463, 0.25550559163093567, 0.14140498638153076], [-0.385114461183548, 0.6937363147735596, -0.6086186170578003, 1.3832526206970215], [-0.5612053275108337, 0.34748855233192444, 0.7511991262435913, -0.2791168689727783], [0.0, 0.0, 0.0, 1.0]]"
"[[0.9997256398067658, 0.023202655266694742, 0.003199099138147392, -0.006607435997177314], [-0.023415336955614378, 0.9933641553737613, 0.112602517607822, 1.585862440328504], [-0.0005651930288866093, -0.1126465344399075, 0.9936349391257091, -0.004640870684944471], [0.0, 0.0, 0.0, 1.0]]","[[0.8605145812034607, -0.41114696860313416, -0.3007870018482208, -0.18289202451705933], [0.3545501232147217, 0.9073348045349121, -0.22591532766819, 1.4108147621154785], [0.3657989203929901, 0.08775933086872101, 0.9265470504760742, -0.2998843789100647], [0.0, 0.0, 0.0, 1.0]]","[[0.7475852966308594, 0.595157265663147, 0.2947947382926941, 0.13889670372009277], [-0.3508742153644562, 0.7307708263397217, -0.5855434536933899, 1.4013268947601318], [-0.5639179348945618, 0.3343077003955841, 0.7551389336585999, -0.2943349778652191], [0.0, 0.0, 0.0, 1.0]]"
"[[0.9997287392558926, 0.023085931073627948, 0.0030890140272363717, -0.006811722805649793], [-0.023286508638658065, 0.9934718013363237, 0.1116756950269628, 1.586015124900443], [-0.0004907109602667747, -0.1117173279871058, 0.9937399029240513, -0.004300690979407058], [0.0, 0.0, 0.0, 1.0]]","[[0.8605145812034607, -0.41114696860313416, -0.3007870018482208, -0.18289202451705933], [0.3545501232147217, 0.9073348045349121, -0.22591532766819, 1.4108147621154785], [0.3657989203929901, 0.08775933086872101, 0.9265470504760742, -0.2998843789100647], [0.0, 0.0, 0.0, 1.0]]","[[0.7475852966308594, 0.595157265663147, 0.2947947382926941, 0.13889670372009277], [-0.3508742153644562, 0.7307708263397217, -0.5855434536933899, 1.4013268947601318], [-0.5639179348945618, 0.3343077003955841, 0.7551389336585999, -0.2943349778652191], [0.0, 0.0, 0.0, 1.0]]"
"[[0.9997514486467328, 0.022101537085407533, 0.002916632248518135, -0.007499685523289087], [-0.022287518956429206, 0.9938490391325001, 0.10847720568041401, 1.5864634763883785], [-0.0005011791661744174, -0.10851524706025523, 0.9940946697487014, -0.00318682172774247], [0.0, 0.0, 0.0, 1.0]]","[[0.8627462387084961, -0.41163939237594604, -0.2936358153820038, -0.17994466423988342], [0.35602912306785583, 0.9069083333015442, -0.2253008931875229, 1.4218461513519287], [0.3590434789657593, 0.08983459323644638, 0.9289873838424683, -0.3110547661781311], [0.0, 0.0, 0.0, 1.0]]","[[0.7606431245803833, 0.5729435682296753, 0.30521735548973083, 0.13637298345565796], [-0.35112178325653076, 0.7585626244544983, -0.5489044785499573, 1.4146480560302734], [-0.5460178256034851, 0.3103519082069397, 0.7781684994697571, -0.3058888912200928], [0.0, 0.0, 0.0, 1.0]]"
