Head Pose,Left Arm Pose,Right Arm Pose
"[[0.0, 0.0, 0.0, 0.0], [0.0, 0.0, 0.0, 0.0], [0.0, 0.0, 0.0, 0.0], [0.0, 0.0, 0.0, 0.0]]","[[0.0, 0.0, 0.0, 0.0], [0.0, 0.0, 0.0, 0.0], [0.0, 0.0, 0.0, 0.0], [0.0, 0.0, 0.0, 0.0]]","[[0.0, 0.0, 0.0, 0.0], [0.0, 0.0, 0.0, 0.0], [0.0, 0.0, 0.0, 0.0], [0.0, 0.0, 0.0, 0.0]]"
"[[0.847998304005088, 0.32982091628272336, -0.4148699068225112, -0.5000000000000001], [0.0, 0.7827749746443304, 0.6223048602337666, 0.7499999999999999], [0.5299989400031799, -0.5277134660523575, 0.663791850916018, 0.8000000000000002], [0.0, 0.0, 0.0, 1.0]]","[[0.0, 0.0, 0.0, 0.0], [0.0, 0.0, 0.0, 0.0], [0.0, 0.0, 0.0, 0.0], [0.0, 0.0, 0.0, 0.0]]","[[0.0, 0.0, 0.0, 0.0], [0.0, 0.0, 0.0, 0.0], [0.0, 0.0, 0.0, 0.0], [0.0, 0.0, 0.0, 0.0]]"
"[[1.0, 0.0, 0.0, 0.0], [0.0, 1.0, 0.0, 0.0], [0.0, 0.0, 1.0, 0.0], [0.0, 0.0, 0.0, 1.0]]","[[0.0, 0.0, 0.0, 0.0], [0.0, 0.0, 0.0, 0.0], [0.0, 0.0, 0.0, 0.0], [0.0, 0.0, 0.0, 0.0]]","[[0.0, 0.0, 0.0, 0.0], [0.0, 0.0, 0.0, 0.0], [0.0, 0.0, 0.0, 0.0], [0.0, 0.0, 0.0, 0.0]]"
"[[0.9996989369558545, 0.02452151172647075, 0.0008245147814247709, -0.0034558061958702125], [-0.02449448152592585, 0.9955300687583963, 0.09121370207215808, 1.562121754039758], [0.0014158685275558326, -0.09120643992279509, 0.9958310128250573, -0.01166682623739141], [0.0, 0.0, 0.0, 1.0]]","[[0.0, 0.0, 0.0, 0.0], [0.0, 0.0, 0.0, 0.0], [0.0, 0.0, 0.0, 0.0], [0.0, 0.0, 0.0, 0.0]]","[[0.0, 0.0, 0.0, 0.0], [0.0, 0.0, 0.0, 0.0], [0.0, 0.0, 0.0, 0.0], [0.0, 0.0, 0.0, 0.0]]"
"[[0.9996734261577395, 0.025528624909161694, 0.0011554460981330356, -0.0035244044318334736], [-0.02552703742480357, 0.995462119938313, 0.09167050967202915, 1.5621070539717155], [0.001190019236824519, -0.09167006214870697, 0.9957887526672016, -0.011643023155265157], [0.0, 0.0, 0.0, 1.0]]","[[0.5032271146774292, -0.8615067005157471, -0.06759089976549149, -0.2363845556974411], [0.4193679988384247, 0.3118530213832855, -0.852571427822113, 1.266357421875], [0.7555745244026184, 0.40069156885147095, 0.5182213187217712, -0.2150822877883911], [0.0, 0.0, 0.0, 1.0]]","[[-0.292671263217926, 0.9523858428001404, -0.08546353876590729, 0.12644265592098236], [-0.7871719002723694, -0.2907096743583679, -0.5439187288284302, 1.2415382862091064], [-0.5428657531738281, -0.091915063560009, 0.834774374961853, -0.21224726736545563], [0.0, 0.0, 0.0, 1.0]]"
"[[0.9996730089148855, 0.025545975045201764, 0.0011405251753501316, -0.003603450443057957], [-0.025543997212412378, 0.9955419300601895, 0.09079507582342419, 1.562082904417763], [0.0011840081606976434, -0.09079452015006753, 0.9958689214220562, -0.011585486609580805], [0.0, 0.0, 0.0, 1.0]]","[[0.5028557181358337, -0.8616778254508972, -0.06817101687192917, -0.23624150454998016], [0.4183559715747833, 0.3116392195224762, -0.8531465530395508, 1.2666057348251343], [0.7563823461532593, 0.40048980712890625, 0.5171977281570435, -0.21503794193267822], [0.0, 0.0, 0.0, 1.0]]","[[-0.2884898781776428, 0.9535222053527832, -0.08699455857276917, 0.1263885498046875], [-0.78959721326828, -0.2883135974407196, -0.5416738986968994, 1.2417137622833252], [-0.5415800213813782, -0.08757700026035309, 0.8360748887062073, -0.212088942527771], [0.0, 0.0, 0.0, 1.0]]"
"[[0.9997215867166015, 0.023567997450215667, -0.0011340605383192294, -0.003851375261619468], [-0.02335593237520951, 0.9952657819162456, 0.09434279106542523, 1.5615139631201458], [0.003352162213119389, -0.09429003991201464, 0.9955391287309753, -0.011108484603074755], [0.0, 0.0, 0.0, 1.0]]","[[0.49845531582832336, -0.8639510869979858, -0.07162866741418839, -0.23548871278762817], [0.41285592317581177, 0.309224009513855, -0.8566973209381104, 1.2674469947814941], [0.7622939944267273, 0.3974529206752777, 0.5108218193054199, -0.2159130573272705], [0.0, 0.0, 0.0, 1.0]]","[[-0.295380175113678, 0.9514390826225281, -0.0866825208067894, 0.1266472488641739], [-0.785800576210022, -0.29355284571647644, -0.5443747043609619, 1.241020679473877], [-0.54338538646698, -0.09268241375684738, 0.8343514204025269, -0.2127673476934433], [0.0, 0.0, 0.0, 1.0]]"
"[[0.999773800358976, 0.021045417808597845, -0.0030817634867574724, -0.0039037864755787333], [-0.020662686503822067, 0.9953573346836652, 0.09400444537328119, 1.5615301335995049], [0.005045818772718715, -0.09391950011326436, 0.9955670236983482, -0.010469822938627346], [0.0, 0.0, 0.0, 1.0]]","[[0.45658770203590393, -0.8844680786132812, -0.09614481031894684, -0.23485881090164185], [0.44281622767448425, 0.3196549117565155, -0.8376958966255188, 1.268256664276123], [0.7716485261917114, 0.33990713953971863, 0.5376073718070984, -0.2144920974969864], [0.0, 0.0, 0.0, 1.0]]","[[-0.08949553966522217, 0.9940208196640015, -0.06255249679088593, 0.1287337690591812], [-0.7789357304573059, -0.1089927926659584, -0.6175591349601746, 1.2429007291793823], [-0.6206845045089722, -0.006544513162225485, 0.7840330600738525, -0.21318195760250092], [0.0, 0.0, 0.0, 1.0]]"
"[[0.999806344505003, 0.01922494897825362, -0.004204885049535498, -0.0043871490128978416], [-0.018729852715305077, 0.9951592681307116, 0.09647380299996045, 1.561222873036045], [0.006039234397189162, -0.09637636206914268, 0.9953266384745959, -0.008553026098116881], [0.0, 0.0, 0.0, 1.0]]","[[0.4467450678348541, -0.8830426931381226, -0.14371605217456818, -0.23481182754039764], [0.4343492090702057, 0.35450974106788635, -0.8280479311943054, 1.2707605361938477], [0.7821505069732666, 0.30750328302383423, 0.5419244766235352, -0.2155589610338211], [0.0, 0.0, 0.0, 1.0]]","[[0.2602918744087219, 0.964301586151123, 0.04868779331445694, 0.1366443932056427], [-0.5731584429740906, 0.1948981136083603, -0.7959296703338623, 1.250881552696228], [-0.7770054340362549, 0.17926819622516632, 0.603428065776825, -0.21867240965366364], [0.0, 0.0, 0.0, 1.0]]"
"[[0.999843895430412, 0.0162659079662678, -0.006902821777277692, -0.005207431036728647], [-0.01549602142654685, 0.9948840736559487, 0.09982749736861701, 1.5605642643229962], [0.008491292646265521, -0.0997049444262553, 0.9949808121562718, -0.00646140314091086], [0.0, 0.0, 0.0, 1.0]]","[[0.4926014840602875, -0.8418728113174438, -0.2204405814409256, -0.23391135036945343], [0.39310184121131897, 0.44124603271484375, -0.8067049980163574, 1.2814245223999023], [0.7764114737510681, 0.3107285499572754, 0.5483001470565796, -0.21827450394630432], [0.0, 0.0, 0.0, 1.0]]","[[0.4374668598175049, 0.8820487260818481, 0.1749647557735443, 0.15051613748073578], [-0.39315566420555115, 0.36259913444519043, -0.8449558615684509, 1.2666120529174805], [-0.8087343573570251, 0.3008517324924469, 0.5054076313972473, -0.23024149239063263], [0.0, 0.0, 0.0, 1.0]]"
"[[0.9998623132768336, 0.014620157280249247, -0.007849796873659467, -0.005833604428314819], [-0.013701132177131519, 0.9942139984227912, 0.10654024137320316, 1.5595208175455868], [0.009362012880712174, -0.1064180199974557, 0.9942774175482726, -0.005975684390902472], [0.0, 0.0, 0.0, 1.0]]","[[0.5295668840408325, -0.8087694048881531, -0.25583353638648987, -0.23233874142169952], [0.3502231240272522, 0.48315078020095825, -0.802439272403717, 1.2904261350631714], [0.7725946307182312, 0.3353463411331177, 0.539110541343689, -0.22057127952575684], [0.0, 0.0, 0.0, 1.0]]","[[0.460597425699234, 0.8605144023895264, 0.21763479709625244, 0.15649829804897308], [-0.3416703939437866, 0.39818593859672546, -0.8512985110282898, 1.2758545875549316], [-0.8192138075828552, 0.31774652004241943, 0.4774157404899597, -0.23689696192741394], [0.0, 0.0, 0.0, 1.0]]"
"[[0.9998846650188806, 0.013135374873707422, -0.007625282059608808, -0.00650293523999379], [-0.012135862954130045, 0.9928306342465629, 0.11891218386868103, 1.558044784748881], [0.009132569406927724, -0.11880592889806169, 0.9928755162785505, -0.006024203548384316], [0.0, 0.0, 0.0, 1.0]]","[[0.5493138432502747, -0.790665864944458, -0.2703731656074524, -0.2312684953212738], [0.32603704929351807, 0.5007157325744629, -0.8018624782562256, 1.2947654724121094], [0.7693854570388794, 0.35232242941856384, 0.5328364968299866, -0.22289717197418213], [0.0, 0.0, 0.0, 1.0]]","[[0.4911419749259949, 0.8357054591178894, 0.24571478366851807, 0.15975350141525269], [-0.2882910370826721, 0.42213091254234314, -0.8594728708267212, 1.2804131507873535], [-0.8219900727272034, 0.35128575563430786, 0.44825270771980286, -0.24150234460830688], [0.0, 0.0, 0.0, 1.0]]"
"[[0.999923586847531, 0.011052411230044086, -0.005538283890172338, -0.0077114957588694825], [-0.010138852341337483, 0.9895042769249082, 0.144147584451261, 1.5550607812979915], [0.007073333909675983, -0.1440804207195613, 0.98954069692342, -0.006738303688271649], [0.0, 0.0, 0.0, 1.0]]","[[0.6110503077507019, -0.7118445038795471, -0.3462584912776947, -0.22996927797794342], [0.24153044819831848, 0.5842224359512329, -0.7748207449913025, 1.306113362312317], [0.7538439035415649, 0.38982248306274414, 0.5289214253425598, -0.23206999897956848], [0.0, 0.0, 0.0, 1.0]]","[[0.5606791377067566, 0.750076174736023, 0.35074856877326965, 0.1706269532442093], [-0.17824077606201172, 0.5229902863502502, -0.8334934115409851, 1.2933546304702759], [-0.8086217045783997, 0.4048045873641968, 0.426923930644989, -0.2549556791782379], [0.0, 0.0, 0.0, 1.0]]"
"[[0.9999566078193334, 0.008907673043093272, -0.002717442796499561, -0.0083911157315086], [-0.008375473226526195, 0.9877495179504697, 0.1558227899685481, 1.5536742514623127], [0.004072171184300351, -0.15579327314943284, 0.9877812852521504, -0.0071754757876852406], [0.0, 0.0, 0.0, 1.0]]","[[0.6110503077507019, -0.7118445038795471, -0.3462584912776947, -0.22996927797794342], [0.24153044819831848, 0.5842224359512329, -0.7748207449913025, 1.306113362312317], [0.7538439035415649, 0.38982248306274414, 0.5289214253425598, -0.23206999897956848], [0.0, 0.0, 0.0, 1.0]]","[[0.5606791377067566, 0.750076174736023, 0.35074856877326965, 0.1706269532442093], [-0.17824077606201172, 0.5229902863502502, -0.8334934115409851, 1.2933546304702759], [-0.8086217045783997, 0.4048045873641968, 0.426923930644989, -0.2549556791782379], [0.0, 0.0, 0.0, 1.0]]"
"[[0.9999766945839897, 0.004219531595217252, 0.0053653171896808835, -0.010137404117507902], [-0.005074637428415747, 0.9852683543551178, 0.17094022000691778, 1.5519970050907232], [-0.004564989390236782, -0.17096346651651972, 0.9852668047558659, -0.008155532479617256], [0.0, 0.0, 0.0, 1.0]]","[[0.6621085405349731, -0.6530030369758606, -0.36769452691078186, -0.22948004305362701], [0.19800743460655212, 0.6256471872329712, -0.7545585036277771, 1.3120530843734741], [0.7227760553359985, 0.42679330706596375, 0.5435458421707153, -0.24118179082870483], [0.0, 0.0, 0.0, 1.0]]","[[0.6194579005241394, 0.686898946762085, 0.3800548315048218, 0.17435555160045624], [-0.1367196887731552, 0.5711274147033691, -0.8093955516815186, 1.2999012470245361], [-0.7730327248573303, 0.44942542910575867, 0.44770199060440063, -0.2616991102695465], [0.0, 0.0, 0.0, 1.0]]"
"[[0.9999648332604668, 0.002964086016073501, 0.007845521957804386, -0.010623563695119105], [-0.004282009671077454, 0.9847871059942515, 0.17371253374872242, 1.5517036059163571], [-0.007211269757519541, -0.17374001737775763, 0.9847651725235785, -0.008349254825163566], [0.0, 0.0, 0.0, 1.0]]","[[0.694551408290863, -0.6110800504684448, -0.37970972061157227, -0.22908915579319], [0.16497190296649933, 0.648995578289032, -0.74269038438797, 1.3140560388565063], [0.7002732157707214, 0.4531952142715454, 0.5515718460083008, -0.24679294228553772], [0.0, 0.0, 0.0, 1.0]]","[[0.6409339308738708, 0.6580312252044678, 0.39521968364715576, 0.17531897127628326], [-0.10874180495738983, 0.5875248908996582, -0.8018664121627808, 1.302146077156067], [-0.7598544955253601, 0.4709664583206177, 0.4481201469898224, -0.26553234457969666], [0.0, 0.0, 0.0, 1.0]]"
"[[0.99987393617027, 0.0008742467469008227, 0.015854678675018975, -0.012066698214802515], [-0.003767888600338851, 0.9830281136741972, 0.18341615706131986, 1.550866126678131], [-0.015425244719303429, -0.18345277101351684, 0.9829074742148675, -0.00810829891865121], [0.0, 0.0, 0.0, 1.0]]","[[0.7867842316627502, -0.4480086863040924, -0.42456895112991333, -0.22724536061286926], [0.054443683475255966, 0.7355557680130005, -0.6752730011940002, 1.3173115253448486], [0.6148223280906677, 0.5081790685653687, 0.603114902973175, -0.26026296615600586], [0.0, 0.0, 0.0, 1.0]]","[[0.7034491896629333, 0.5534605979919434, 0.44591546058654785, 0.17421862483024597], [-0.026949558407068253, 0.6477102637290955, -0.7614099383354187, 1.305855393409729], [-0.7102344632148743, 0.5235959887504578, 0.47054675221443176, -0.27638891339302063], [0.0, 0.0, 0.0, 1.0]]"
"[[0.9998602271063415, 0.0006724798461374804, 0.01670595251245904, -0.0121970992338805], [-0.0037399529371458106, 0.9828678362347216, 0.18427392457724856, 1.5507216462785147], [-0.01629582240955424, -0.18431064869164193, 0.9827329523598465, -0.007950804510850087], [0.0, 0.0, 0.0, 1.0]]","[[0.7867842316627502, -0.4480086863040924, -0.42456895112991333, -0.22724536061286926], [0.054443683475255966, 0.7355557680130005, -0.6752730011940002, 1.3173115253448486], [0.6148223280906677, 0.5081790685653687, 0.603114902973175, -0.26026296615600586], [0.0, 0.0, 0.0, 1.0]]","[[0.7034491896629333, 0.5534605979919434, 0.44591546058654785, 0.17421862483024597], [-0.026949558407068253, 0.6477102637290955, -0.7614099383354187, 1.305855393409729], [-0.7102344632148743, 0.5235959887504578, 0.47054675221443176, -0.27638891339302063], [0.0, 0.0, 0.0, 1.0]]"
"[[0.9998102187947292, -0.00018564265305086382, 0.019481373086584892, -0.012672805369003833], [-0.0035221913564242695, 0.9817547200043522, 0.19011895251849859, 1.5501109230416692], [-0.01916122522948855, -0.190151483887637, 0.9815677406642083, -0.00649503500980635], [0.0, 0.0, 0.0, 1.0]]","[[0.8032032251358032, -0.3834364712238312, -0.4558957815170288, -0.2239341288805008], [-0.00397733598947525, 0.7618356943130493, -0.6477580666542053, 1.3223483562469482], [0.5956917405128479, 0.5220946073532104, 0.6103838682174683, -0.27325692772865295], [0.0, 0.0, 0.0, 1.0]]","[[0.7207383513450623, 0.476921409368515, 0.5030726194381714, 0.1672000288963318], [0.047283969819545746, 0.6902044415473938, -0.7220678329467773, 1.3087577819824219], [-0.6915926337242126, 0.5442092418670654, 0.4749060869216919, -0.2874643802642822], [0.0, 0.0, 0.0, 1.0]]"
"[[0.9997965693531564, 0.0015422231917982469, 0.020110229348135448, -0.012572753352888372], [-0.005347227288431907, 0.9816610225450065, 0.1905597044336124, 1.550128406577062], [-0.01944754240910963, -0.19062846468813002, 0.9814696303532536, -0.004728574601550021], [0.0, 0.0, 0.0, 1.0]]","[[0.8326558470726013, -0.2973366379737854, -0.4671992361545563, -0.22077983617782593], [-0.04795613884925842, 0.8017555475234985, -0.5957249402999878, 1.3281856775283813], [0.5517104268074036, 0.5184389352798462, 0.6533273458480835, -0.28515762090682983], [0.0, 0.0, 0.0, 1.0]]","[[0.7772489786148071, 0.3749792277812958, 0.5052470564842224, 0.15586860477924347], [0.09011320769786835, 0.728387713432312, -0.6792134642601013, 1.311470627784729], [-0.6227067112922668, 0.5734473466873169, 0.5323480367660522, -0.2966482937335968], [0.0, 0.0, 0.0, 1.0]]"
"[[0.9997932314881244, 0.002206844679629384, 0.02021388902148891, -0.01246931141013958], [-0.005991510644936983, 0.9819313883134239, 0.18914231624322317, 1.550259343200797], [-0.01943124451854538, -0.1892243180064641, 0.9817416072527233, -0.004322652800497862], [0.0, 0.0, 0.0, 1.0]]","[[0.8326558470726013, -0.2973366379737854, -0.4671992361545563, -0.22077983617782593], [-0.04795613884925842, 0.8017555475234985, -0.5957249402999878, 1.3281856775283813], [0.5517104268074036, 0.5184389352798462, 0.6533273458480835, -0.28515762090682983], [0.0, 0.0, 0.0, 1.0]]","[[0.7772489786148071, 0.3749792277812958, 0.5052470564842224, 0.15586860477924347], [0.09011320769786835, 0.728387713432312, -0.6792134642601013, 1.311470627784729], [-0.6227067112922668, 0.5734473466873169, 0.5323480367660522, -0.2966482937335968], [0.0, 0.0, 0.0, 1.0]]"
"[[0.9997366070759088, 0.004928551276606671, 0.02241376973758528, -0.011932811195611162], [-0.00903364444391692, 0.9823318116249322, 0.18692940076507641, 1.5505771413978595], [-0.0210964679711025, -0.18708265224777154, 0.9821175940441206, -0.0025572542775678386], [0.0, 0.0, 0.0, 1.0]]","[[0.8496836423873901, -0.28215283155441284, -0.4454520344734192, -0.21922153234481812], [-0.049330294132232666, 0.798550009727478, -0.5999036431312561, 1.3277003765106201], [0.5249802470207214, 0.5317026376724243, 0.6645961999893188, -0.2925865352153778], [0.0, 0.0, 0.0, 1.0]]","[[0.7977674603462219, 0.3570365607738495, 0.4858928918838501, 0.1483822911977768], [0.09486696869134903, 0.7214803695678711, -0.6859054565429688, 1.3113999366760254], [-0.595455527305603, 0.593288242816925, 0.5417025685310364, -0.30598676204681396], [0.0, 0.0, 0.0, 1.0]]"
"[[0.9996148347656209, 0.011515532294693325, 0.025251402806384982, -0.010928440586004453], [-0.015945634198901333, 0.982992410520644, 0.1829526416740819, 1.5510323161580057], [-0.022715140778677062, -0.18328481989284318, 0.9827973844213727, -3.8611266912916276e-05], [0.0, 0.0, 0.0, 1.0]]","[[0.7659913897514343, -0.5458725094795227, -0.3395296037197113, -0.21881534159183502], [0.22734050452709198, 0.7240557074546814, -0.6511985659599304, 1.324644684791565], [0.6013097763061523, 0.42162367701530457, 0.6787194013595581, -0.2966882288455963], [0.0, 0.0, 0.0, 1.0]]","[[0.8369218707084656, 0.34966784715652466, 0.42106306552886963, 0.14012618362903595], [0.037662703543901443, 0.7306980490684509, -0.681661069393158, 1.316420555114746], [-0.5460249185562134, 0.586355447769165, 0.5983677506446838, -0.3067489266395569], [0.0, 0.0, 0.0, 1.0]]"
"[[0.9995471835289087, 0.012571602972350115, 0.027338311105524937, -0.0103906672408974], [-0.01722497967431787, 0.9840092648597576, 0.17728259589538217, 1.5516074638227368], [-0.024672424391353715, -0.17767322633400345, 0.9837802062760527, 0.0019665459534025168], [0.0, 0.0, 0.0, 1.0]]","[[0.41201525926589966, -0.87529456615448, -0.2531847655773163, -0.21855102479457855], [0.5976061820983887, 0.46933919191360474, -0.650067150592804, 1.3239383697509766], [0.6878299117088318, 0.11653267592191696, 0.7164565920829773, -0.298920601606369], [0.0, 0.0, 0.0, 1.0]]","[[0.7764217853546143, 0.5113868713378906, 0.3683106005191803, 0.13063013553619385], [-0.13077671825885773, 0.7024385333061218, -0.6996266841888428, 1.3236932754516602], [-0.6164954900741577, 0.4950389266014099, 0.6122660636901855, -0.3048195242881775], [0.0, 0.0, 0.0, 1.0]]"
"[[0.9994304180146124, 0.01179941091281709, 0.03161690757216488, -0.010396034809047362], [-0.017165007073754693, 0.9843783395349923, 0.17522729381658214, 1.5518412163895883], [-0.029055420303926133, -0.17567018226049802, 0.9840202314828739, 0.0034620441937735086], [0.0, 0.0, 0.0, 1.0]]","[[0.2788461744785309, -0.929236114025116, -0.24241477251052856, -0.21719729900360107], [0.6924458742141724, 0.3694532811641693, -0.619695782661438, 1.3262317180633545], [0.6654046177864075, 0.004940616898238659, 0.7464664578437805, -0.2961181104183197], [0.0, 0.0, 0.0, 1.0]]","[[0.6829864382743835, 0.6408307552337646, 0.35052159428596497, 0.12707166373729706], [-0.2597483694553375, 0.6615989804267883, -0.7034326195716858, 1.3259284496307373], [-0.6826860308647156, 0.38938748836517334, 0.6183179020881653, -0.3050415813922882], [0.0, 0.0, 0.0, 1.0]]"
"[[0.9993336796491009, 0.011045544401409578, 0.034787166034218414, -0.010508275214620368], [-0.016928745440540353, 0.9846589562669046, 0.17366666944336798, 1.5519865338184595], [-0.032335252399209424, -0.17413985876727198, 0.9841898682629286, 0.004084997994185994], [0.0, 0.0, 0.0, 1.0]]","[[-0.10784397274255753, -0.9648012518882751, -0.2398497760295868, -0.21355687081813812], [0.7957300543785095, 0.060857534408569336, -0.6025859117507935, 1.3279610872268677], [0.5959723591804504, -0.25584107637405396, 0.7611584663391113, -0.2961166203022003], [0.0, 0.0, 0.0, 1.0]]","[[0.4877092242240906, 0.819580614566803, 0.30071109533309937, 0.12202704697847366], [-0.4662494361400604, 0.5357475876808167, -0.7039785981178284, 1.3262296915054321], [-0.7380725145339966, 0.20313039422035217, 0.6434181332588196, -0.3049960434436798], [0.0, 0.0, 0.0, 1.0]]"
"[[0.9990463852189838, 0.01012130065510793, 0.042472141070447056, -0.01074922464024612], [-0.017263498318690822, 0.9850617051265507, 0.17133417732697004, 1.5522943497535249], [-0.0401035563813829, -0.17190401248950496, 0.9842970371836451, 0.005208220627461882], [0.0, 0.0, 0.0, 1.0]]","[[-0.4696802496910095, -0.8623712062835693, -0.18898576498031616, -0.20650868117809296], [0.7389315962791443, -0.26686951518058777, -0.6186761260032654, 1.3280149698257446], [0.4830940067768097, -0.43022775650024414, 0.7625772953033447, -0.29496070742607117], [0.0, 0.0, 0.0, 1.0]]","[[0.2056354582309723, 0.950584352016449, 0.2326011210680008, 0.11589024215936661], [-0.6639725565910339, 0.31012627482414246, -0.6804131269454956, 1.325695276260376], [-0.7189258337020874, -0.014523745514452457, 0.6949349641799927, -0.3036535680294037], [0.0, 0.0, 0.0, 1.0]]"
"[[0.998971044996773, 0.009644532921209875, 0.0443148349723182, -0.010757552851899355], [-0.017091088583275713, 0.9851446740079566, 0.1708737567195512, 1.5523591146559381], [-0.04200852687150618, -0.1714553281536484, 0.9842958458167611, 0.005406858636136604], [0.0, 0.0, 0.0, 1.0]]","[[-0.5648483633995056, -0.8102707862854004, -0.15622802078723907, -0.20337148010730743], [0.7062058448791504, -0.37672168016433716, -0.5994612574577332, 1.3283138275146484], [0.42687147855758667, -0.4489339590072632, 0.7850089073181152, -0.29183250665664673], [0.0, 0.0, 0.0, 1.0]]","[[-0.12869347631931305, 0.9639452695846558, 0.23291000723838806, 0.11375490576028824], [-0.7550926804542542, 0.05700140818953514, -0.6531350612640381, 1.3238390684127808], [-0.6428627371788025, -0.2599230706691742, 0.7205327153205872, -0.3035471439361572], [0.0, 0.0, 0.0, 1.0]]"
"[[0.9988307357064478, 0.009349232664529517, 0.04743122391169802, -0.010770694934988693], [-0.017268366055365372, 0.9853937037494136, 0.1694137199930861, 1.5526112595833363], [-0.0451545409136461, -0.17003468729928017, 0.9844030133878198, 0.005615530446132645], [0.0, 0.0, 0.0, 1.0]]","[[-0.7294543981552124, -0.6513245701789856, -0.20897866785526276, -0.20115967094898224], [0.6242702603340149, -0.5090134739875793, -0.5926140546798706, 1.3279768228530884], [0.27961114048957825, -0.5627442598342896, 0.7779051661491394, -0.28721824288368225], [0.0, 0.0, 0.0, 1.0]]","[[-0.4695417582988739, 0.8565090298652649, 0.21429583430290222, 0.10888151079416275], [-0.7553009986877441, -0.2639749050140381, -0.5998645424842834, 1.3210389614105225], [-0.4572207033634186, -0.44351938366889954, 0.7708694934844971, -0.30105316638946533], [0.0, 0.0, 0.0, 1.0]]"
"[[0.9988307357064478, 0.009349232664529517, 0.04743122391169802, -0.010770694934988693], [-0.017268366055365372, 0.9853937037494136, 0.1694137199930861, 1.5526112595833363], [-0.0451545409136461, -0.17003468729928017, 0.9844030133878198, 0.005615530446132645], [0.0, 0.0, 0.0, 1.0]]","[[-0.7496777176856995, -0.62613844871521, -0.21432186663150787, -0.20076067745685577], [0.6102215647697449, -0.5286519527435303, -0.5900480151176453, 1.3277078866958618], [0.2561500668525696, -0.5731297135353088, 0.7784018516540527, -0.28530701994895935], [0.0, 0.0, 0.0, 1.0]]","[[-0.544797956943512, 0.8109491467475891, 0.2134399116039276, 0.1079164370894432], [-0.7386717796325684, -0.343610942363739, -0.5799098610877991, 1.3198909759521484], [-0.39693713188171387, -0.4735957980155945, 0.786223828792572, -0.30003777146339417], [0.0, 0.0, 0.0, 1.0]]"
"[[0.9985843299711297, 0.009021048362705095, 0.052420941793568, -0.010917707996689155], [-0.017780006003227846, 0.9854359033433446, 0.16911503829495939, 1.5529769557573254], [-0.05013188565408487, -0.16980767093164909, 0.9842012523070706, 0.004839536887324617], [0.0, 0.0, 0.0, 1.0]]","[[-0.8547372817993164, -0.44920584559440613, -0.2600741386413574, -0.20108158886432648], [0.5105364918708801, -0.6371243596076965, -0.5774298906326294, 1.3250583410263062], [0.09368530660867691, -0.6263281106948853, 0.7739096879959106, -0.28081947565078735], [0.0, 0.0, 0.0, 1.0]]","[[-0.7545405626296997, 0.6301491856575012, 0.1832507997751236, 0.10385175049304962], [-0.6115844249725342, -0.5739498734474182, -0.5445606708526611, 1.3155193328857422], [-0.23797769844532013, -0.5229663252830505, 0.8184576034545898, -0.2968161404132843], [0.0, 0.0, 0.0, 1.0]]"
"[[0.998549997886069, 0.008942250705767388, 0.053084110351023846, -0.010970830149771932], [-0.017862907998751877, 0.9852752097276223, 0.1700401351308193, 1.5528835203151072], [-0.050781915454449524, -0.17074180687910678, 0.9840063444176996, 0.004638752555149395], [0.0, 0.0, 0.0, 1.0]]","[[-0.8690845370292664, -0.399312287569046, -0.2919607162475586, -0.20145297050476074], [0.49262499809265137, -0.6451506614685059, -0.5840381383895874, 1.3238226175308228], [0.04485493153333664, -0.651405930519104, 0.7574023008346558, -0.2799130082130432], [0.0, 0.0, 0.0, 1.0]]","[[-0.8010467290878296, 0.5706919431686401, 0.18065039813518524, 0.10292655974626541], [-0.5657568573951721, -0.6232032775878906, -0.5399412512779236, 1.313448429107666], [-0.19555819034576416, -0.5347224473953247, 0.8220881223678589, -0.2966533601284027], [0.0, 0.0, 0.0, 1.0]]"
"[[0.9984849095713733, 0.007725067765426059, 0.054481201777818206, -0.011414325925130411], [-0.01722835250853357, 0.9842048875905461, 0.17619289035971195, 1.552225547831778], [-0.05225956349575282, -0.17686456863706085, 0.9828467972187397, 0.0039857050135789045], [0.0, 0.0, 0.0, 1.0]]","[[-0.9028456807136536, -0.27744826674461365, -0.32846876978874207, -0.20037271082401276], [0.42593133449554443, -0.6815136075019836, -0.5950809717178345, 1.3206279277801514], [-0.05875176936388016, -0.6771715879440308, 0.7334758639335632, -0.2769470512866974], [0.0, 0.0, 0.0, 1.0]]","[[-0.8306582570075989, 0.5266491174697876, 0.18068476021289825, 0.1021823063492775], [-0.5310963988304138, -0.6520281434059143, -0.5411057472229004, 1.3101625442504883], [-0.16716131567955017, -0.5454351305961609, 0.8213145136833191, -0.29383134841918945], [0.0, 0.0, 0.0, 1.0]]"
"[[0.9985131025274755, 0.007623391825187221, 0.053976405290971675, -0.011939361464632047], [-0.017257748038095228, 0.9834503538343766, 0.18035398798447874, 1.5517059394311217], [-0.0517082066553727, -0.18101733548182208, 0.9821196191647491, 0.0032324461295638682], [0.0, 0.0, 0.0, 1.0]]","[[-0.9202468991279602, -0.17838875949382782, -0.3483133912086487, -0.19575171172618866], [0.3715011179447174, -0.6780028343200684, -0.6342698931694031, 1.3133623600006104], [-0.12301094830036163, -0.7130840420722961, 0.6902023553848267, -0.27491700649261475], [0.0, 0.0, 0.0, 1.0]]","[[-0.8706976771354675, 0.4494105875492096, 0.1997896134853363, 0.10352253913879395], [-0.4793354272842407, -0.6844812035560608, -0.5492933392524719, 1.3075467348098755], [-0.11010602861642838, -0.5740346312522888, 0.811394453048706, -0.28667429089546204], [0.0, 0.0, 0.0, 1.0]]"
"[[0.9985383748352643, 0.00790612003752664, 0.0534663784423145, -0.01199649175313539], [-0.017455315450339775, 0.9834056498133009, 0.1805784859419712, 1.551663178296815], [-0.05115146682474295, -0.18124781467906143, 0.9821062683221796, 0.003154378487565033], [0.0, 0.0, 0.0, 1.0]]","[[-0.9202468991279602, -0.17838875949382782, -0.3483133912086487, -0.19575171172618866], [0.3715011179447174, -0.6780028343200684, -0.6342698931694031, 1.3133623600006104], [-0.12301094830036163, -0.7130840420722961, 0.6902023553848267, -0.27491700649261475], [0.0, 0.0, 0.0, 1.0]]","[[-0.8706976771354675, 0.4494105875492096, 0.1997896134853363, 0.10352253913879395], [-0.4793354272842407, -0.6844812035560608, -0.5492933392524719, 1.3075467348098755], [-0.11010602861642838, -0.5740346312522888, 0.811394453048706, -0.28667429089546204], [0.0, 0.0, 0.0, 1.0]]"
"[[0.998749673446736, 0.006456385562649914, 0.0495718325523561, -0.012314687784707685], [-0.015500772082724618, 0.9827466017878987, 0.18430629734851664, 1.5512514868630185], [-0.04752659620364256, -0.18484425182483863, 0.9816179863862439, 0.0027899212784734846], [0.0, 0.0, 0.0, 1.0]]","[[-0.9131208658218384, -0.10620677471160889, -0.3936113715171814, -0.19367659091949463], [0.35895341634750366, -0.6671900153160095, -0.652694046497345, 1.308627963066101], [-0.19329310953617096, -0.7372769117355347, 0.6473488211631775, -0.26927632093429565], [0.0, 0.0, 0.0, 1.0]]","[[-0.8857654929161072, 0.40890857577323914, 0.21957574784755707, 0.10606386512517929], [-0.45614656805992126, -0.6795580387115479, -0.5745706558227539, 1.3060238361358643], [-0.08573241531848907, -0.6090934872627258, 0.788451075553894, -0.279575377702713], [0.0, 0.0, 0.0, 1.0]]"
"[[0.998749673446736, 0.006456385562649914, 0.0495718325523561, -0.012314687784707685], [-0.015500772082724618, 0.9827466017878987, 0.18430629734851664, 1.5512514868630185], [-0.04752659620364256, -0.18484425182483863, 0.9816179863862439, 0.0027899212784734846], [0.0, 0.0, 0.0, 1.0]]","[[-0.9112855195999146, -0.08572003245353699, -0.40275365114212036, -0.19268056750297546], [0.35444894433021545, -0.6611148715019226, -0.6612812280654907, 1.308514952659607], [-0.2095814198255539, -0.7453716993331909, 0.6328480243682861, -0.2677276134490967], [0.0, 0.0, 0.0, 1.0]]","[[-0.8865496516227722, 0.3982140123844147, 0.235488623380661, 0.10739222168922424], [-0.456652969121933, -0.671660840511322, -0.5833861231803894, 1.306429147720337], [-0.07414402812719345, -0.6247375011444092, 0.7773066759109497, -0.2767501771450043], [0.0, 0.0, 0.0, 1.0]]"
"[[0.9988774061470681, 0.0062817654293475175, 0.04695184207434319, -0.0124342741214425], [-0.014867149041921128, 0.9826599961278876, 0.18481958216626015, 1.5511428856570786], [-0.04497670331125594, -0.18531013721030398, 0.9816502922762224, 0.002703678603902516], [0.0, 0.0, 0.0, 1.0]]","[[-0.9027404189109802, -0.09703604131937027, -0.41909849643707275, -0.19282588362693787], [0.3717467486858368, -0.6662241220474243, -0.646490216255188, 1.307798147201538], [-0.21648071706295013, -0.7394114136695862, 0.6375004649162292, -0.26434507966041565], [0.0, 0.0, 0.0, 1.0]]","[[-0.8956420421600342, 0.3465593159198761, 0.2787867486476898, 0.11066912859678268], [-0.44297903776168823, -0.638763964176178, -0.6290867924690247, 1.3069628477096558], [-0.03993695229291916, -0.6869332194328308, 0.7256223559379578, -0.2730214297771454], [0.0, 0.0, 0.0, 1.0]]"
"[[0.9990596175100088, 0.00891224565138994, 0.04243227074835451, -0.012181492472760114], [-0.016534527855311055, 0.9830041532037092, 0.18283736935263054, 1.5513828360995379], [-0.040081605510972444, -0.18336702653760525, 0.9822270866021546, 0.0026115024820150892], [0.0, 0.0, 0.0, 1.0]]","[[-0.8893215656280518, -0.101872518658638, -0.4457896053791046, -0.1948390156030655], [0.3991549611091614, -0.6485986709594727, -0.6480697989463806, 1.3054612874984741], [-0.22311817109584808, -0.7542818784713745, 0.6174762845039368, -0.26139724254608154], [0.0, 0.0, 0.0, 1.0]]","[[-0.8833324313163757, 0.30219560861587524, 0.3583311438560486, 0.11509142816066742], [-0.4685111343860626, -0.5449612736701965, -0.6953518390655518, 1.3076647520065308], [-0.014855635352432728, -0.7821091413497925, 0.6229643225669861, -0.27171263098716736], [0.0, 0.0, 0.0, 1.0]]"
"[[0.999195933328794, 0.010880978280071781, 0.03858813212787206, -0.011698630577763134], [-0.017796458243067706, 0.9828240270368959, 0.18368503186419866, 1.5512721297352918], [-0.03592667041743703, -0.18422407176777472, 0.9822274451670041, 0.0021572105682239225], [0.0, 0.0, 0.0, 1.0]]","[[-0.7686351537704468, -0.5409846901893616, -0.34137240052223206, -0.19371382892131805], [0.6168848276138306, -0.4856518507003784, -0.6193504333496094, 1.3111401796340942], [0.16927094757556915, -0.6866421699523926, 0.7070147395133972, -0.2561175227165222], [0.0, 0.0, 0.0, 1.0]]","[[-0.7488834261894226, 0.5466746091842651, 0.37459298968315125, 0.11850553750991821], [-0.6232974529266357, -0.3890301585197449, -0.6783475279808044, 1.3101249933242798], [-0.22510740160942078, -0.7414863109588623, 0.632079541683197, -0.26593896746635437], [0.0, 0.0, 0.0, 1.0]]"
"[[0.9992372393777921, 0.012915977120662605, 0.036852095869766406, -0.011259555330635067], [-0.019638611159955563, 0.9819040901669188, 0.18835786356067638, 1.550634663930969], [-0.03375239610911737, -0.18893791364097623, 0.9814088337229238, 0.0023968888131739967], [0.0, 0.0, 0.0, 1.0]]","[[0.1657959371805191, -0.9768741726875305, -0.13501308858394623, -0.1954496055841446], [0.6857261657714844, 0.21259239315986633, -0.6961207389831543, 1.3210561275482178], [0.7087251543998718, 0.022831982001662254, 0.7051151394844055, -0.2414020448923111], [0.0, 0.0, 0.0, 1.0]]","[[0.06157208979129791, 0.9477112889289856, 0.3131321668624878, 0.12369296699762344], [-0.6179572939872742, 0.2825627326965332, -0.733680248260498, 1.3179916143417358], [-0.7837966084480286, -0.14832831919193268, 0.6030433773994446, -0.2541121244430542], [0.0, 0.0, 0.0, 1.0]]"
"[[0.9992450476014606, 0.013213787381635072, 0.03653327835347254, -0.01108158946771853], [-0.019853096301569596, 0.9820002322503254, 0.18783329692802317, 1.550625196869236], [-0.03339369880412029, -0.18841679128685118, 0.9815212482768026, 0.0025243801040697213], [0.0, 0.0, 0.0, 1.0]]","[[0.40241119265556335, -0.8979988098144531, -0.17794232070446014, -0.19809308648109436], [0.4938671886920929, 0.3766142427921295, -0.7837454676628113, 1.3224955797195435], [0.7708180546760559, 0.22750811278820038, 0.5950458645820618, -0.2391776740550995], [0.0, 0.0, 0.0, 1.0]]","[[0.47199901938438416, 0.8206245303153992, 0.32216790318489075, 0.1239369735121727], [-0.3208804726600647, 0.5002842545509338, -0.8042084574699402, 1.3196245431900024], [-0.821128785610199, 0.27620816230773926, 0.49945610761642456, -0.2515120208263397], [0.0, 0.0, 0.0, 1.0]]"
"[[0.9992473721668216, 0.013277676147877412, 0.036446560551987375, -0.010708817406702322], [-0.01987148988479452, 0.982157587285739, 0.18700709563738688, 1.5506400523576522], [-0.03331324420346194, -0.18759060281270168, 0.9816822416638326, 0.002985896115396439], [0.0, 0.0, 0.0, 1.0]]","[[0.68861985206604, -0.6687015891075134, -0.2804297208786011, -0.2048063576221466], [0.16856767237186432, 0.5237655639648438, -0.8350175619125366, 1.3239974975585938], [0.7052570581436157, 0.5277382135391235, 0.4733968675136566, -0.23908711969852448], [0.0, 0.0, 0.0, 1.0]]","[[0.6952322721481323, 0.555344820022583, 0.45633769035339355, 0.12512004375457764], [0.06541530787944794, 0.5833542943000793, -0.8095791339874268, 1.3194093704223633], [-0.7158021926879883, 0.592697024345398, 0.3692387044429779, -0.25358137488365173], [0.0, 0.0, 0.0, 1.0]]"
"[[0.9992212057454608, 0.014504209149888422, 0.03669671817012043, -0.01013735908289044], [-0.02101974935431156, 0.9827131630533058, 0.18393746100465863, 1.5510440552995037], [-0.03339448095969943, -0.18456555820901782, 0.9822527168261143, 0.0035200502203544554], [0.0, 0.0, 0.0, 1.0]]","[[0.7213361263275146, -0.5070218443870544, -0.4718082845211029, -0.2172744870185852], [-0.10778301954269409, 0.5907475352287292, -0.799625039100647, 1.324521780014038], [0.6841469407081604, 0.6276513934135437, 0.37147918343544006, -0.24635912477970123], [0.0, 0.0, 0.0, 1.0]]","[[0.705899178981781, 0.4687367379665375, 0.5310294032096863, 0.12948335707187653], [0.14417098462581635, 0.6389342546463013, -0.755630612373352, 1.319164514541626], [-0.6934847235679626, 0.6099580526351929, 0.3834449350833893, -0.25774839520454407], [0.0, 0.0, 0.0, 1.0]]"
"[[0.9992281794318443, 0.01502759643305215, 0.03629306273390773, -0.009712411940144012], [-0.021534256819299127, 0.9822836526912211, 0.18615885530978277, 1.5509051063787584], [-0.03285256086061473, -0.18679672027558272, 0.9818491331326049, 0.004059193895542332], [0.0, 0.0, 0.0, 1.0]]","[[0.7096973061561584, -0.4770132899284363, -0.518447756767273, -0.22095443308353424], [-0.1849610060453415, 0.5839295983314514, -0.7904528379440308, 1.3222944736480713], [0.6797934770584106, 0.6568748354911804, 0.32618439197540283, -0.25081291794776917], [0.0, 0.0, 0.0, 1.0]]","[[0.7649513483047485, 0.40423843264579773, 0.5014386773109436, 0.12948235869407654], [0.20493845641613007, 0.5853061676025391, -0.7844851016998291, 1.3166669607162476], [-0.6106141805648804, 0.7028570175170898, 0.36488673090934753, -0.25943097472190857], [0.0, 0.0, 0.0, 1.0]]"
"[[0.9991104602519121, 0.018558013340141094, 0.03786734467705705, -0.007119006207651511], [-0.025333060795758443, 0.9820069074428607, 0.18713824432061765, 1.550697428532683], [-0.03371308022776629, -0.1879310758812562, 0.9816034436678693, 0.006077825259329355], [0.0, 0.0, 0.0, 1.0]]","[[0.8220723867416382, -0.45501887798309326, -0.3422788977622986, -0.22324173152446747], [-0.09147749096155167, 0.48778432607650757, -0.8681579828262329, 1.3088886737823486], [0.5619865655899048, 0.7449995279312134, 0.35937002301216125, -0.2707611322402954], [0.0, 0.0, 0.0, 1.0]]","[[0.7980855107307434, 0.5778833031654358, 0.17061743140220642, 0.14130696654319763], [-0.07773721218109131, 0.3795461356639862, -0.9219010472297668, 1.2896941900253296], [-0.597508430480957, 0.722492516040802, 0.3478333353996277, -0.29598888754844666], [0.0, 0.0, 0.0, 1.0]]"
"[[0.9988001585219022, 0.023352483383043066, 0.04304507050619246, -0.005472526921248987], [-0.03134231632329677, 0.9802067264515603, 0.19547998143440953, 1.549787684269928], [-0.037628124915503255, -0.19659457372420577, 0.9797625556673043, 0.0003896337166703137], [0.0, 0.0, 0.0, 1.0]]","[[-0.7853630185127258, -0.1792239546775818, -0.5925227999687195, -0.21575689315795898], [0.503238320350647, -0.7422522306442261, -0.44250690937042236, 1.310620665550232], [-0.36049365997314453, -0.6457088589668274, 0.673130214214325, -0.26727554202079773], [0.0, 0.0, 0.0, 1.0]]","[[-0.9193570613861084, 0.18196463584899902, 0.3488141596317291, 0.14104801416397095], [-0.3498607873916626, -0.7836509943008423, -0.5133112072944641, 1.301997423171997], [0.17994408309459686, -0.5939527153968811, 0.7841175198554993, -0.27742108702659607], [0.0, 0.0, 0.0, 1.0]]"
"[[0.9988093972277476, 0.02213821393295825, 0.043470390170682514, -0.004835423692358998], [-0.030952622919830697, 0.97635102316698, 0.2139641365025726, 1.5479109732771175], [-0.03770557415498393, -0.2150549123074326, 0.975873827483924, -0.0010733597279178123], [0.0, 0.0, 0.0, 1.0]]","[[-0.7743537425994873, -0.32192838191986084, -0.5447365641593933, -0.20138996839523315], [0.5987381935119629, -0.6512547731399536, -0.46623969078063965, 1.3031587600708008], [-0.20466656982898712, -0.6871891617774963, 0.6970527768135071, -0.26895567774772644], [0.0, 0.0, 0.0, 1.0]]","[[-0.8568135499954224, 0.2834511399269104, 0.43072623014450073, 0.12948815524578094], [-0.5096095204353333, -0.5927468538284302, -0.6236574649810791, 1.30575692653656], [0.07853531837463379, -0.7538606524467468, 0.6523236632347107, -0.2688513696193695], [0.0, 0.0, 0.0, 1.0]]"
"[[0.9988924860867306, 0.023990709056479462, 0.04047558457344142, -0.004569655262328176], [-0.03208338124551107, 0.9765313872556832, 0.21297201912747557, 1.5479219443812666], [-0.03441632910878094, -0.21403473217142888, 0.976219593608937, -0.0018896843272934553], [0.0, 0.0, 0.0, 1.0]]","[[-0.7710314393043518, -0.25641053915023804, -0.5828930139541626, -0.19701208174228668], [0.5807640552520752, -0.6585946679115295, -0.47850415110588074, 1.301870346069336], [-0.26119670271873474, -0.7074650526046753, 0.6567111611366272, -0.26938995718955994], [0.0, 0.0, 0.0, 1.0]]","[[-0.8239457011222839, 0.29829180240631104, 0.4818047881126404, 0.12222687155008316], [-0.5649827122688293, -0.4979763627052307, -0.6578863263130188, 1.3137586116790771], [0.043685249984264374, -0.8142738342285156, 0.5788348913192749, -0.2604094445705414], [0.0, 0.0, 0.0, 1.0]]"
