Head Pose,Left Arm Pose,Right Arm Pose
"[[0.0, 0.0, 0.0, 0.0], [0.0, 0.0, 0.0, 0.0], [0.0, 0.0, 0.0, 0.0], [0.0, 0.0, 0.0, 0.0]]","[[0.0, 0.0, 0.0, 0.0], [0.0, 0.0, 0.0, 0.0], [0.0, 0.0, 0.0, 0.0], [0.0, 0.0, 0.0, 0.0]]","[[0.0, 0.0, 0.0, 0.0], [0.0, 0.0, 0.0, 0.0], [0.0, 0.0, 0.0, 0.0], [0.0, 0.0, 0.0, 0.0]]"
"[[1.0, 0.0, 0.0, -0.5000000000000001], [0.0, 1.0, 0.0, 0.7499999999999999], [0.0, 0.0, 1.0, 0.8000000000000002], [0.0, 0.0, 0.0, 1.0]]","[[0.0, 0.0, 0.0, 0.0], [0.0, 0.0, 0.0, 0.0], [0.0, 0.0, 0.0, 0.0], [0.0, 0.0, 0.0, 0.0]]","[[0.0, 0.0, 0.0, 0.0], [0.0, 0.0, 0.0, 0.0], [0.0, 0.0, 0.0, 0.0], [0.0, 0.0, 0.0, 0.0]]"
"[[0.847998304005088, 0.32982091628272336, -0.4148699068225112, -0.5000000000000001], [0.0, 0.7827749746443304, 0.6223048602337666, 0.7499999999999999], [0.5299989400031799, -0.5277134660523575, 0.663791850916018, 0.8000000000000002], [0.0, 0.0, 0.0, 1.0]]","[[0.0, 0.0, 0.0, 0.0], [0.0, 0.0, 0.0, 0.0], [0.0, 0.0, 0.0, 0.0], [0.0, 0.0, 0.0, 0.0]]","[[0.0, 0.0, 0.0, 0.0], [0.0, 0.0, 0.0, 0.0], [0.0, 0.0, 0.0, 0.0], [0.0, 0.0, 0.0, 0.0]]"
"[[1.0, 0.0, 0.0, 0.0], [0.0, 1.0, 0.0, 0.0], [0.0, 0.0, 1.0, 0.0], [0.0, 0.0, 0.0, 1.0]]","[[0.0, 0.0, 0.0, 0.0], [0.0, 0.0, 0.0, 0.0], [0.0, 0.0, 0.0, 0.0], [0.0, 0.0, 0.0, 0.0]]","[[0.0, 0.0, 0.0, 0.0], [0.0, 0.0, 0.0, 0.0], [0.0, 0.0, 0.0, 0.0], [0.0, 0.0, 0.0, 0.0]]"
"[[0.9999991655350219, -0.0011402181658961244, 0.0006293174581992466, 0.002380858125551689], [0.0011542257310755183, 0.9997410774120961, -0.02272592995628754, -0.02711843004158456], [-0.0006032419852522183, 0.022726636861115295, 0.999741554271206, -0.017447795347351126], [0.0, 0.0, 0.0, 1.0]]","[[0.0, 0.0, 0.0, 0.0], [0.0, 0.0, 0.0, 0.0], [0.0, 0.0, 0.0, 0.0], [0.0, 0.0, 0.0, 0.0]]","[[0.0, 0.0, 0.0, 0.0], [0.0, 0.0, 0.0, 0.0], [0.0, 0.0, 0.0, 0.0], [0.0, 0.0, 0.0, 0.0]]"
"[[0.9999669790281482, -0.00799757165392358, -0.0014279002304331857, 0.001361232956932451], [0.008097054273584302, 0.9668157686361658, 0.2553462942994717, 1.7467166176087185], [-0.0006616338020333566, -0.255349431379926, 0.9668486128665663, -0.011918897794571882], [0.0, 0.0, 0.0, 1.0]]","[[0.0, 0.0, 0.0, 0.0], [0.0, 0.0, 0.0, 0.0], [0.0, 0.0, 0.0, 0.0], [0.0, 0.0, 0.0, 0.0]]","[[0.0, 0.0, 0.0, 0.0], [0.0, 0.0, 0.0, 0.0], [0.0, 0.0, 0.0, 0.0], [0.0, 0.0, 0.0, 0.0]]"
"[[0.9999589324012578, -0.008688670749594288, -0.0025690861493669194, 0.0011783132104637183], [0.00905665645487157, 0.966799200785905, 0.2553767011529971, 1.7468139987446194], [0.0002649063553806644, -0.25538947721652516, 0.9668382394173308, -0.012381818742343582], [0.0, 0.0, 0.0, 1.0]]","[[0.48313847184181213, -0.8754612803459167, 0.012025387026369572, -0.2121320366859436], [0.6547624468803406, 0.35215556621551514, -0.6687842607498169, 1.3852331638336182], [0.5812600255012512, 0.33098912239074707, 0.7433592081069946, -0.09398967027664185], [0.0, 0.0, 0.0, 1.0]]","[[0.6474884152412415, 0.7582321763038635, -0.07643674314022064, 0.18542346358299255], [-0.5087505578994751, 0.35539713501930237, -0.7841335535049438, 1.3897898197174072], [-0.5673900246620178, 0.546604573726654, 0.6158667206764221, -0.1289588212966919], [0.0, 0.0, 0.0, 1.0]]"
"[[0.999952077866961, -0.009113645318352842, -0.003573060058287931, 0.0009595876125899029], [0.009724425945973733, 0.966684158670419, 0.2557874172858549, 1.7468436843898456], [0.0011228647555712333, -0.2558099180527383, 0.9667264262542977, -0.013042830751240752], [0.0, 0.0, 0.0, 1.0]]","[[0.4817425012588501, -0.8762015700340271, 0.013959643431007862, -0.21186748147010803], [0.6567817330360413, 0.35046613216400146, -0.6676908731460571, 1.3852839469909668], [0.5801394581794739, 0.33082348108291626, 0.7443076968193054, -0.09417736530303955], [0.0, 0.0, 0.0, 1.0]]","[[0.6449785828590393, 0.7604553699493408, -0.0755658969283104, 0.1854247748851776], [-0.5125494599342346, 0.35712340474128723, -0.780868649482727, 1.38970947265625], [-0.5668294429779053, 0.5423747897148132, 0.6201080083847046, -0.12898218631744385], [0.0, 0.0, 0.0, 1.0]]"
"[[0.9999111294730044, -0.011560707178454067, -0.0066360353437224335, 0.0001623306288150736], [0.012888458732028325, 0.9655362976824556, 0.25994906316898597, 1.7466593680317164], [0.003402137948109781, -0.2600114892850089, 0.9655995355821976, -0.015784519622096812], [0.0, 0.0, 0.0, 1.0]]","[[0.4753936231136322, -0.8795871734619141, 0.01808796636760235, -0.2112216353416443], [0.6671799421310425, 0.34703895449638367, -0.6591166257858276, 1.3835430145263672], [0.5734733939170837, 0.3254077136516571, 0.7518231272697449, -0.0956258773803711], [0.0, 0.0, 0.0, 1.0]]","[[0.6436617970466614, 0.7621781229972839, -0.06916651129722595, 0.1866687536239624], [-0.5106201767921448, 0.3603787124156952, -0.7806370854377747, 1.3894768953323364], [-0.5700583457946777, 0.5377840995788574, 0.621145486831665, -0.1306280791759491], [0.0, 0.0, 0.0, 1.0]]"
"[[0.9999077916138893, -0.011822268280735432, -0.006684606108833665, -2.1620904216861406e-06], [0.013157267209538996, 0.9652540105063983, 0.2609820430072937, 1.746555545605691], [0.0033669430706458137, -0.26104592635305773, 0.9653205258177422, -0.016276908916043963], [0.0, 0.0, 0.0, 1.0]]","[[0.4753936231136322, -0.8795871734619141, 0.01808796636760235, -0.2112216353416443], [0.6671799421310425, 0.34703895449638367, -0.6591166257858276, 1.3835430145263672], [0.5734733939170837, 0.3254077136516571, 0.7518231272697449, -0.0956258773803711], [0.0, 0.0, 0.0, 1.0]]","[[0.6436617970466614, 0.7621781229972839, -0.06916651129722595, 0.1866687536239624], [-0.5106201767921448, 0.3603787124156952, -0.7806370854377747, 1.3894768953323364], [-0.5700583457946777, 0.5377840995788574, 0.621145486831665, -0.1306280791759491], [0.0, 0.0, 0.0, 1.0]]"
"[[0.9999080896347838, -0.011780841061231855, -0.00671087340623217, -0.0001831688667053041], [0.013128752103688954, 0.9648982870638576, 0.26229545036861446, 1.7464016232541635], [0.003385249337329698, -0.2623594446986004, 0.9649642717804189, -0.01671525317822769], [0.0, 0.0, 0.0, 1.0]]","[[0.4753936231136322, -0.8795871734619141, 0.01808796636760235, -0.2112216353416443], [0.6671799421310425, 0.34703895449638367, -0.6591166257858276, 1.3835430145263672], [0.5734733939170837, 0.3254077136516571, 0.7518231272697449, -0.0956258773803711], [0.0, 0.0, 0.0, 1.0]]","[[0.6436617970466614, 0.7621781229972839, -0.06916651129722595, 0.1866687536239624], [-0.5106201767921448, 0.3603787124156952, -0.7806370854377747, 1.3894768953323364], [-0.5700583457946777, 0.5377840995788574, 0.621145486831665, -0.1306280791759491], [0.0, 0.0, 0.0, 1.0]]"
"[[0.9999031424522317, -0.012178115560711234, -0.006739153000851266, -0.0003806318974818132], [0.013525205650328793, 0.9644402841373909, 0.2639544532348822, 1.7462532877696986], [0.003285043001781116, -0.2640200331161304, 0.9645115753363911, -0.017128139414717396], [0.0, 0.0, 0.0, 1.0]]","[[0.4816443622112274, -0.876201868057251, 0.016995105892419815, -0.21106788516044617], [0.6643986105918884, 0.3524336516857147, -0.6590635776519775, 1.3833719491958618], [0.5714831948280334, 0.3287257254123688, 0.7518951296806335, -0.09592649340629578], [0.0, 0.0, 0.0, 1.0]]","[[0.6450950503349304, 0.7611187696456909, -0.0674566701054573, 0.1868981420993805], [-0.511418342590332, 0.36448779702186584, -0.7782028317451477, 1.3893471956253052], [-0.5677177906036377, 0.5365133285522461, 0.6243795156478882, -0.13089928030967712], [0.0, 0.0, 0.0, 1.0]]"
"[[0.999898195268679, -0.012682329068796233, -0.006538852598981008, -0.000473720656841264], [0.013961333644671841, 0.9641938826806996, 0.2648304778181086, 1.7461947782767375], [0.002946054547562257, -0.26489480556621464, 0.9642727949837834, -0.01734769037245134], [0.0, 0.0, 0.0, 1.0]]","[[0.4816443622112274, -0.876201868057251, 0.016995105892419815, -0.21106788516044617], [0.6643986105918884, 0.3524336516857147, -0.6590635776519775, 1.3833719491958618], [0.5714831948280334, 0.3287257254123688, 0.7518951296806335, -0.09592649340629578], [0.0, 0.0, 0.0, 1.0]]","[[0.6450950503349304, 0.7611187696456909, -0.0674566701054573, 0.1868981420993805], [-0.511418342590332, 0.36448779702186584, -0.7782028317451477, 1.3893471956253052], [-0.5677177906036377, 0.5365133285522461, 0.6243795156478882, -0.13089928030967712], [0.0, 0.0, 0.0, 1.0]]"
"[[0.9998928308521827, -0.013138169626241366, -0.006454639342579943, -0.0005550258405171007], [0.014381095563525525, 0.9639447350361192, 0.26571360918116654, 1.7460804329762991], [0.002730925128828785, -0.2657779684441079, 0.9640303831206054, -0.017536808337033125], [0.0, 0.0, 0.0, 1.0]]","[[0.4816443622112274, -0.876201868057251, 0.016995105892419815, -0.21106788516044617], [0.6643986105918884, 0.3524336516857147, -0.6590635776519775, 1.3833719491958618], [0.5714831948280334, 0.3287257254123688, 0.7518951296806335, -0.09592649340629578], [0.0, 0.0, 0.0, 1.0]]","[[0.6450950503349304, 0.7611187696456909, -0.0674566701054573, 0.1868981420993805], [-0.511418342590332, 0.36448779702186584, -0.7782028317451477, 1.3893471956253052], [-0.5677177906036377, 0.5365133285522461, 0.6243795156478882, -0.13089928030967712], [0.0, 0.0, 0.0, 1.0]]"
"[[0.9998893141738296, -0.013522350204000562, -0.006207279206083477, -0.0006542053817186225], [0.014687267157425776, 0.9637676482157813, 0.2663385587132601, 1.745977382445218], [0.0023808516125964534, -0.2664002461039396, 0.9638595576346239, -0.01773772074380923], [0.0, 0.0, 0.0, 1.0]]","[[0.48154136538505554, -0.876272439956665, 0.016259867697954178, -0.2109730839729309], [0.6654737591743469, 0.35350173711776733, -0.6574048399925232, 1.3829718828201294], [0.5703179240226746, 0.32738810777664185, 0.7533621191978455, -0.09629195928573608], [0.0, 0.0, 0.0, 1.0]]","[[0.647944986820221, 0.7588553428649902, -0.06561799347400665, 0.18698179721832275], [-0.5072817802429199, 0.3656630218029022, -0.7803560495376587, 1.3894041776657104], [-0.568183422088623, 0.5389146208763123, 0.6218830943107605, -0.1312713623046875], [0.0, 0.0, 0.0, 1.0]]"
"[[0.9998778104819439, -0.014509146337118506, -0.005815903234920355, -0.0009310386407952243], [0.015536096643004047, 0.9634543675903157, 0.2674215503107465, 1.7457733729610514], [0.001723298991405514, -0.267479234181746, 0.963562069460153, -0.018380926663683638], [0.0, 0.0, 0.0, 1.0]]","[[0.47947007417678833, -0.8774225115776062, 0.015431313775479794, -0.21083825826644897], [0.6668704748153687, 0.352870374917984, -0.6563278436660767, 1.3827946186065674], [0.5704315900802612, 0.324980229139328, 0.7543179988861084, -0.09666960686445236], [0.0, 0.0, 0.0, 1.0]]","[[0.645317792892456, 0.761421263217926, -0.06166538596153259, 0.1870802342891693], [-0.5067580938339233, 0.36628347635269165, -0.7804054021835327, 1.3894320726394653], [-0.5716302394866943, 0.5348589420318604, 0.6222256422042847, -0.1316225528717041], [0.0, 0.0, 0.0, 1.0]]"
"[[0.9998627901067824, -0.015709761482855068, -0.005258935777867659, -0.0011460500920112545], [0.01654509832225206, 0.9630926826000397, 0.26866104429522425, 1.7456004683113278], [0.000844241660622441, -0.2687111871882353, 0.9632204196464196, -0.018765521638832876], [0.0, 0.0, 0.0, 1.0]]","[[0.47947007417678833, -0.8774225115776062, 0.015431313775479794, -0.21083825826644897], [0.6668704748153687, 0.352870374917984, -0.6563278436660767, 1.3827946186065674], [0.5704315900802612, 0.324980229139328, 0.7543179988861084, -0.09666960686445236], [0.0, 0.0, 0.0, 1.0]]","[[0.645317792892456, 0.761421263217926, -0.06166538596153259, 0.1870802342891693], [-0.5067580938339233, 0.36628347635269165, -0.7804054021835327, 1.3894320726394653], [-0.5716302394866943, 0.5348589420318604, 0.6222256422042847, -0.1316225528717041], [0.0, 0.0, 0.0, 1.0]]"
"[[0.9998627901067824, -0.015709761482855068, -0.005258935777867659, -0.0011460500920112545], [0.01654509832225206, 0.9630926826000397, 0.26866104429522425, 1.7456004683113278], [0.000844241660622441, -0.2687111871882353, 0.9632204196464196, -0.018765521638832876], [0.0, 0.0, 0.0, 1.0]]","[[0.4725477993488312, -0.8811570405960083, 0.01614527590572834, -0.21055427193641663], [0.6727363467216492, 0.3488202393054962, -0.652495265007019, 1.3825874328613281], [0.5693190693855286, 0.3191966414451599, 0.7576207518577576, -0.09678199142217636], [0.0, 0.0, 0.0, 1.0]]","[[0.6467012166976929, 0.7605043649673462, -0.058400411158800125, 0.1872786581516266], [-0.504722535610199, 0.36927330493927, -0.7803154587745667, 1.3892476558685303], [-0.5718676447868347, 0.5341069102287292, 0.6226532459259033, -0.13211339712142944], [0.0, 0.0, 0.0, 1.0]]"
"[[0.9998627901067824, -0.015709761482855068, -0.005258935777867659, -0.0011460500920112545], [0.01654509832225206, 0.9630926826000397, 0.26866104429522425, 1.7456004683113278], [0.000844241660622441, -0.2687111871882353, 0.9632204196464196, -0.018765521638832876], [0.0, 0.0, 0.0, 1.0]]","[[0.4820622205734253, -0.8760093450546265, 0.014951825141906738, -0.2105439305305481], [0.6670804619789124, 0.35591956973075867, -0.6544652581214905, 1.3824851512908936], [0.567996084690094, 0.3254670202732086, 0.7559441924095154, -0.09722836315631866], [0.0, 0.0, 0.0, 1.0]]","[[0.645882785320282, 0.7609671354293823, -0.061354778707027435, 0.18725991249084473], [-0.5091804265975952, 0.36950287222862244, -0.7773048281669617, 1.3890466690063477], [-0.5688326954841614, 0.5332884192466736, 0.626125156879425, -0.1323670744895935], [0.0, 0.0, 0.0, 1.0]]"
"[[0.9998422264998351, -0.01739756172113851, -0.0035903170206923866, -0.0014865091507785533], [0.017719045602150426, 0.9623253359835227, 0.27132258325898334, 1.74531017950087], [-0.0012652983856727242, -0.27134337514555784, 0.9624817953137335, -0.019387668353722926], [0.0, 0.0, 0.0, 1.0]]","[[0.4820622205734253, -0.8760093450546265, 0.014951825141906738, -0.2105439305305481], [0.6670804619789124, 0.35591956973075867, -0.6544652581214905, 1.3824851512908936], [0.567996084690094, 0.3254670202732086, 0.7559441924095154, -0.09722836315631866], [0.0, 0.0, 0.0, 1.0]]","[[0.645882785320282, 0.7609671354293823, -0.061354778707027435, 0.18725991249084473], [-0.5091804265975952, 0.36950287222862244, -0.7773048281669617, 1.3890466690063477], [-0.5688326954841614, 0.5332884192466736, 0.626125156879425, -0.1323670744895935], [0.0, 0.0, 0.0, 1.0]]"
"[[0.9998076558162688, -0.019600570522221413, -0.0007080673913795795, -0.0019738009367872063], [0.019038393773165848, 0.9611886755268509, 0.2752341682571578, 1.7447573457201737], [-0.0047141604682755045, -0.27519469908292993, 0.9613769634855657, -0.020242964554035965], [0.0, 0.0, 0.0, 1.0]]","[[0.47879502177238464, -0.8777743577957153, 0.016354545950889587, -0.21071690320968628], [0.6693267226219177, 0.35291269421577454, -0.653799831867218, 1.382164478302002], [0.568117082118988, 0.3239826261997223, 0.7564907073974609, -0.09762641042470932], [0.0, 0.0, 0.0, 1.0]]","[[0.6514074206352234, 0.7562509179115295, -0.06125907227396965, 0.18710556626319885], [-0.5087624788284302, 0.37547537684440613, -0.7747119665145874, 1.389176368713379], [-0.562875509262085, 0.535819411277771, 0.6293397545814514, -0.132600337266922], [0.0, 0.0, 0.0, 1.0]]"
"[[0.9998076558162688, -0.019600570522221413, -0.0007080673913795795, -0.0019738009367872063], [0.019038393773165848, 0.9611886755268509, 0.2752341682571578, 1.7447573457201737], [-0.0047141604682755045, -0.27519469908292993, 0.9613769634855657, -0.020242964554035965], [0.0, 0.0, 0.0, 1.0]]","[[0.48189762234687805, -0.8760614395141602, 0.01705744117498398, -0.21082128584384918], [0.6677491664886475, 0.35456687211990356, -0.6545175909996033, 1.3819571733474731], [0.5673496723175049, 0.32680052518844604, 0.7558543086051941, -0.09792029112577438], [0.0, 0.0, 0.0, 1.0]]","[[0.6538510918617249, 0.7540517449378967, -0.06232656538486481, 0.18730302155017853], [-0.5111851692199707, 0.37951844930648804, -0.7711390256881714, 1.3882454633712769], [-0.5578247308731079, 0.5360704660415649, 0.6336086988449097, -0.13341481983661652], [0.0, 0.0, 0.0, 1.0]]"
"[[0.9997199773857863, -0.02327539045466577, 0.0042731247836071025, -0.0026062596752122625], [0.02109907176242675, 0.9584627747338839, 0.2844362556424352, 1.7433225392336353], [-0.010715995636461398, -0.2842664421114711, 0.9586854577203281, -0.02150902998089821], [0.0, 0.0, 0.0, 1.0]]","[[0.48189762234687805, -0.8760614395141602, 0.01705744117498398, -0.21082128584384918], [0.6677491664886475, 0.35456687211990356, -0.6545175909996033, 1.3819571733474731], [0.5673496723175049, 0.32680052518844604, 0.7558543086051941, -0.09792029112577438], [0.0, 0.0, 0.0, 1.0]]","[[0.6538510918617249, 0.7540517449378967, -0.06232656538486481, 0.18730302155017853], [-0.5111851692199707, 0.37951844930648804, -0.7711390256881714, 1.3882454633712769], [-0.5578247308731079, 0.5360704660415649, 0.6336086988449097, -0.13341481983661652], [0.0, 0.0, 0.0, 1.0]]"
"[[0.9997199773857863, -0.02327539045466577, 0.0042731247836071025, -0.0026062596752122625], [0.02109907176242675, 0.9584627747338839, 0.2844362556424352, 1.7433225392336353], [-0.010715995636461398, -0.2842664421114711, 0.9586854577203281, -0.02150902998089821], [0.0, 0.0, 0.0, 1.0]]","[[0.48371678590774536, -0.875079333782196, 0.01594717428088188, -0.21151892840862274], [0.6672652959823608, 0.35693028569221497, -0.6537261605262756, 1.3814256191253662], [0.5663701891899109, 0.32685932517051697, 0.7565631866455078, -0.09819091856479645], [0.0, 0.0, 0.0, 1.0]]","[[0.6450870037078857, 0.761799693107605, -0.05936286970973015, 0.1875421106815338], [-0.5219213366508484, 0.3825500011444092, -0.7623998522758484, 1.3880221843719482], [-0.5580867528915405, 0.5227969884872437, 0.644377589225769, -0.13391801714897156], [0.0, 0.0, 0.0, 1.0]]"
"[[0.999671816818807, -0.02477733015270593, 0.006505757075477013, -0.002882143582116111], [0.02182567522673245, 0.9567514690160129, 0.29008669720913066, 1.7423453348600664], [-0.013411966181617602, -0.289849509131659, 0.9569782582584672, -0.02223801964115158], [0.0, 0.0, 0.0, 1.0]]","[[0.48371678590774536, -0.875079333782196, 0.01594717428088188, -0.21151892840862274], [0.6672652959823608, 0.35693028569221497, -0.6537261605262756, 1.3814256191253662], [0.5663701891899109, 0.32685932517051697, 0.7565631866455078, -0.09819091856479645], [0.0, 0.0, 0.0, 1.0]]","[[0.6450870037078857, 0.761799693107605, -0.05936286970973015, 0.1875421106815338], [-0.5219213366508484, 0.3825500011444092, -0.7623998522758484, 1.3880221843719482], [-0.5580867528915405, 0.5227969884872437, 0.644377589225769, -0.13391801714897156], [0.0, 0.0, 0.0, 1.0]]"
"[[0.9996375441524138, -0.025802513237228937, 0.0076801896705847705, -0.003002836743142816], [0.02241263014532033, 0.9556820981157265, 0.2935463463364649, 1.7418059297656525], [-0.014914052220471543, -0.29326781877889146, 0.9559140212951887, -0.022594890862297476], [0.0, 0.0, 0.0, 1.0]]","[[0.48221567273139954, -0.8758768439292908, 0.01754922792315483, -0.21228989958763123], [0.6711664795875549, 0.3564891815185547, -0.6499624848365784, 1.3814024925231934], [0.5630308985710144, 0.3252005875110626, 0.7597637176513672, -0.09849613159894943], [0.0, 0.0, 0.0, 1.0]]","[[0.6330971717834473, 0.7726334929466248, -0.04717477783560753, 0.1878029704093933], [-0.5223224759101868, 0.38142433762550354, -0.7626890540122986, 1.3880462646484375], [-0.5712855458259583, 0.50749671459198, 0.6450425386428833, -0.13492318987846375], [0.0, 0.0, 0.0, 1.0]]"
"[[0.9995963573488512, -0.026931133076540065, 0.00904625773183615, -0.003196248778469079], [0.023026192605503967, 0.9545137913799144, 0.29727638782060867, 1.7411685684323335], [-0.016640767196793266, -0.29694809495412583, 0.954748627363151, -0.02303097196357413], [0.0, 0.0, 0.0, 1.0]]","[[0.48221567273139954, -0.8758768439292908, 0.01754922792315483, -0.21228989958763123], [0.6711664795875549, 0.3564891815185547, -0.6499624848365784, 1.3814024925231934], [0.5630308985710144, 0.3252005875110626, 0.7597637176513672, -0.09849613159894943], [0.0, 0.0, 0.0, 1.0]]","[[0.6330971717834473, 0.7726334929466248, -0.04717477783560753, 0.1878029704093933], [-0.5223224759101868, 0.38142433762550354, -0.7626890540122986, 1.3880462646484375], [-0.5712855458259583, 0.50749671459198, 0.6450425386428833, -0.13492318987846375], [0.0, 0.0, 0.0, 1.0]]"
"[[0.9995963573488512, -0.026931133076540065, 0.00904625773183615, -0.003196248778469079], [0.023026192605503967, 0.9545137913799144, 0.29727638782060867, 1.7411685684323335], [-0.016640767196793266, -0.29694809495412583, 0.954748627363151, -0.02303097196357413], [0.0, 0.0, 0.0, 1.0]]","[[0.47936928272247314, -0.8774951696395874, 0.014390753582119942, -0.2123364508152008], [0.6718326210975647, 0.3563683032989502, -0.6493399143218994, 1.3816512823104858], [0.564664363861084, 0.3209417462348938, 0.7603620886802673, -0.09853266924619675], [0.0, 0.0, 0.0, 1.0]]","[[0.6260902285575867, 0.7786422967910767, -0.041559260338544846, 0.1877269744873047], [-0.5286375284194946, 0.38467949628829956, -0.7566795945167542, 1.3878685235977173], [-0.57319575548172, 0.49571946263313293, 0.6524636149406433, -0.1350131332874298], [0.0, 0.0, 0.0, 1.0]]"
"[[0.999472498901669, -0.030224772768669354, 0.011884267095618845, -0.003515813424528772], [0.025140258816427938, 0.9516798868922339, 0.30606106398156463, 1.7399195348219592], [-0.020560644913322334, -0.3056008470291773, 0.9519376739549089, -0.02377611003908188], [0.0, 0.0, 0.0, 1.0]]","[[0.47936928272247314, -0.8774951696395874, 0.014390753582119942, -0.2123364508152008], [0.6718326210975647, 0.3563683032989502, -0.6493399143218994, 1.3816512823104858], [0.564664363861084, 0.3209417462348938, 0.7603620886802673, -0.09853266924619675], [0.0, 0.0, 0.0, 1.0]]","[[0.6260902285575867, 0.7786422967910767, -0.041559260338544846, 0.1877269744873047], [-0.5286375284194946, 0.38467949628829956, -0.7566795945167542, 1.3878685235977173], [-0.57319575548172, 0.49571946263313293, 0.6524636149406433, -0.1350131332874298], [0.0, 0.0, 0.0, 1.0]]"
"[[0.9994145631606359, -0.03147498504802075, 0.013412522420977215, -0.0036945079919414657], [0.025766033813511467, 0.9503239983152129, 0.310194132817656, 1.7392465735858964], [-0.02250959790429011, -0.30966693352374414, 0.9505786305981806, -0.024190511793797713], [0.0, 0.0, 0.0, 1.0]]","[[0.47936928272247314, -0.8774951696395874, 0.014390753582119942, -0.2123364508152008], [0.6718326210975647, 0.3563683032989502, -0.6493399143218994, 1.3816512823104858], [0.564664363861084, 0.3209417462348938, 0.7603620886802673, -0.09853266924619675], [0.0, 0.0, 0.0, 1.0]]","[[0.6260902285575867, 0.7786422967910767, -0.041559260338544846, 0.1877269744873047], [-0.5286375284194946, 0.38467949628829956, -0.7566795945167542, 1.3878685235977173], [-0.57319575548172, 0.49571946263313293, 0.6524636149406433, -0.1350131332874298], [0.0, 0.0, 0.0, 1.0]]"
"[[0.9992791414294203, -0.034173559066831366, 0.01653376454241646, -0.004079205250828577], [0.027127918186605673, 0.9474594612333038, 0.3187234756822305, 1.737910930189267], [-0.02655698685221303, -0.318045193207769, 0.9477035383968255, -0.025052634176550265], [0.0, 0.0, 0.0, 1.0]]","[[0.48928120732307434, -0.872103750705719, 0.006236021872609854, -0.21304380893707275], [0.6653383374214172, 0.36863648891448975, -0.6491779088973999, 1.38292396068573], [0.5638517141342163, 0.32177963852882385, 0.7606109976768494, -0.09873925894498825], [0.0, 0.0, 0.0, 1.0]]","[[0.6245393753051758, 0.7805895209312439, -0.025110317394137383, 0.18771478533744812], [-0.5198041200637817, 0.39146241545677185, -0.7593160271644592, 1.3880465030670166], [-0.5828844308853149, 0.4872751533985138, 0.6502373814582825, -0.13603687286376953], [0.0, 0.0, 0.0, 1.0]]"
"[[0.9992042780004109, -0.03536852223408237, 0.018434562533587242, -0.004269756764804005], [0.02753681915271267, 0.9461181129658036, 0.32264881338999, 1.7373134663998162], [-0.028852884844452108, -0.32188446316793257, 0.9463391933938331, -0.025498552252062708], [0.0, 0.0, 0.0, 1.0]]","[[0.48928120732307434, -0.872103750705719, 0.006236021872609854, -0.21304380893707275], [0.6653383374214172, 0.36863648891448975, -0.6491779088973999, 1.38292396068573], [0.5638517141342163, 0.32177963852882385, 0.7606109976768494, -0.09873925894498825], [0.0, 0.0, 0.0, 1.0]]","[[0.6245393753051758, 0.7805895209312439, -0.025110317394137383, 0.18771478533744812], [-0.5198041200637817, 0.39146241545677185, -0.7593160271644592, 1.3880465030670166], [-0.5828844308853149, 0.4872751533985138, 0.6502373814582825, -0.13603687286376953], [0.0, 0.0, 0.0, 1.0]]"
"[[0.9992042780004109, -0.03536852223408237, 0.018434562533587242, -0.004269756764804005], [0.02753681915271267, 0.9461181129658036, 0.32264881338999, 1.7373134663998162], [-0.028852884844452108, -0.32188446316793257, 0.9463391933938331, -0.025498552252062708], [0.0, 0.0, 0.0, 1.0]]","[[0.48174118995666504, -0.8763058185577393, 0.0036530434153974056, -0.21351784467697144], [0.667034924030304, 0.3639865517616272, -0.6500599980354309, 1.3829267024993896], [0.5683217644691467, 0.3155973255634308, 0.7598740458488464, -0.09903278201818466], [0.0, 0.0, 0.0, 1.0]]","[[0.6234678626060486, 0.781604528427124, -0.019548432901501656, 0.18785360455513], [-0.520892858505249, 0.39659878611564636, -0.7558967471122742, 1.3877673149108887], [-0.5830594897270203, 0.48145994544029236, 0.6543988585472107, -0.13642260432243347], [0.0, 0.0, 0.0, 1.0]]"
"[[0.9990989565932415, -0.03629546217927434, 0.021998342564016397, -0.0046488205520644876], [0.027114039507417892, 0.9446061855273667, 0.3270841257086841, 1.7365199249231011], [-0.03265143887171165, -0.3261929436215313, 0.9447391623506395, -0.026459557975865685], [0.0, 0.0, 0.0, 1.0]]","[[0.48174118995666504, -0.8763058185577393, 0.0036530434153974056, -0.21351784467697144], [0.667034924030304, 0.3639865517616272, -0.6500599980354309, 1.3829267024993896], [0.5683217644691467, 0.3155973255634308, 0.7598740458488464, -0.09903278201818466], [0.0, 0.0, 0.0, 1.0]]","[[0.6234678626060486, 0.781604528427124, -0.019548432901501656, 0.18785360455513], [-0.520892858505249, 0.39659878611564636, -0.7558967471122742, 1.3877673149108887], [-0.5830594897270203, 0.48145994544029236, 0.6543988585472107, -0.13642260432243347], [0.0, 0.0, 0.0, 1.0]]"
"[[0.9989860057418796, -0.037007785858733724, 0.025640032400352102, -0.005027641840401001], [0.0265130014250445, 0.9438482495011475, 0.3293137767481381, 1.736058920626736], [-0.0363874741299328, -0.3283000669312902, 0.9438723354165867, -0.027550891096679946], [0.0, 0.0, 0.0, 1.0]]","[[0.48174118995666504, -0.8763058185577393, 0.0036530434153974056, -0.21351784467697144], [0.667034924030304, 0.3639865517616272, -0.6500599980354309, 1.3829267024993896], [0.5683217644691467, 0.3155973255634308, 0.7598740458488464, -0.09903278201818466], [0.0, 0.0, 0.0, 1.0]]","[[0.6234678626060486, 0.781604528427124, -0.019548432901501656, 0.18785360455513], [-0.520892858505249, 0.39659878611564636, -0.7558967471122742, 1.3877673149108887], [-0.5830594897270203, 0.48145994544029236, 0.6543988585472107, -0.13642260432243347], [0.0, 0.0, 0.0, 1.0]]"
"[[0.9989430308069921, -0.03705685142797411, 0.027196125825297228, -0.005210099261004408], [0.02603768813985407, 0.9437718380600043, 0.3295706180651154, 1.7359367304521003], [-0.03787978761886421, -0.32851416191268346, 0.9437391173113722, -0.02807419451893034], [0.0, 0.0, 0.0, 1.0]]","[[0.47801896929740906, -0.8783444762229919, 0.0029587396420538425, -0.21420225501060486], [0.6735254526138306, 0.36438456177711487, -0.643107533454895, 1.3833777904510498], [0.5637918710708618, 0.30941036343574524, 0.7657701373100281, -0.09933476150035858], [0.0, 0.0, 0.0, 1.0]]","[[0.6135380268096924, 0.789628267288208, -0.007632005959749222, 0.18816909193992615], [-0.5266948938369751, 0.4020006060600281, -0.7489912509918213, 1.387159824371338], [-0.588356614112854, 0.4635542929172516, 0.6625359058380127, -0.13774257898330688], [0.0, 0.0, 0.0, 1.0]]"
"[[0.998898923431554, -0.036463875568866835, 0.02951806854831415, -0.00544945509686699], [0.024646021180391185, 0.9432480355609416, 0.33117324698745293, 1.7358017425630885], [-0.03991872001064583, -0.3300810993832441, 0.943108139346185, -0.02895401502265439], [0.0, 0.0, 0.0, 1.0]]","[[0.47801896929740906, -0.8783444762229919, 0.0029587396420538425, -0.21420225501060486], [0.6735254526138306, 0.36438456177711487, -0.643107533454895, 1.3833777904510498], [0.5637918710708618, 0.30941036343574524, 0.7657701373100281, -0.09933476150035858], [0.0, 0.0, 0.0, 1.0]]","[[0.6135380268096924, 0.789628267288208, -0.007632005959749222, 0.18816909193992615], [-0.5266948938369751, 0.4020006060600281, -0.7489912509918213, 1.387159824371338], [-0.588356614112854, 0.4635542929172516, 0.6625359058380127, -0.13774257898330688], [0.0, 0.0, 0.0, 1.0]]"
"[[0.998861730120449, -0.03635651650436414, 0.030878745358255213, -0.005551046079404581], [0.02409358849219787, 0.9432514252327804, 0.33120427874753605, 1.735817466890363], [-0.041167854923937, -0.33008329721262375, 0.9430536685291329, -0.02942111397679922], [0.0, 0.0, 0.0, 1.0]]","[[0.4823971390724182, -0.8759520649909973, 0.0009622626239433885, -0.21443450450897217], [0.6679399013519287, 0.3671312630176544, -0.6473568081855774, 1.3839038610458374], [0.566700279712677, 0.312925785779953, 0.7621864676475525, -0.09972468763589859], [0.0, 0.0, 0.0, 1.0]]","[[0.6219035387039185, 0.7830833792686462, 0.00403663981705904, 0.18785065412521362], [-0.5284002423286438, 0.42343437671661377, -0.7358644008636475, 1.3878332376480103], [-0.57795250415802, 0.4555037021636963, 0.6771168112754822, -0.13832616806030273], [0.0, 0.0, 0.0, 1.0]]"
"[[0.9988583326837513, -0.03559904188870283, 0.031855096279175696, -0.00558758020918632], [0.023075230261098416, 0.9434325710570609, 0.3307605430405781, 1.7359157252493012], [-0.04182789364597041, -0.32964786440914423, 0.9431769235801746, -0.029876291426484895], [0.0, 0.0, 0.0, 1.0]]","[[0.4823971390724182, -0.8759520649909973, 0.0009622626239433885, -0.21443450450897217], [0.6679399013519287, 0.3671312630176544, -0.6473568081855774, 1.3839038610458374], [0.566700279712677, 0.312925785779953, 0.7621864676475525, -0.09972468763589859], [0.0, 0.0, 0.0, 1.0]]","[[0.6219035387039185, 0.7830833792686462, 0.00403663981705904, 0.18785065412521362], [-0.5284002423286438, 0.42343437671661377, -0.7358644008636475, 1.3878332376480103], [-0.57795250415802, 0.4555037021636963, 0.6771168112754822, -0.13832616806030273], [0.0, 0.0, 0.0, 1.0]]"
"[[0.9988673925196311, -0.0346786558634951, 0.03257860233996902, -0.005634774416129558], [0.022018731384782577, 0.943862082302607, 0.3296051670316918, 1.7361483880416226], [-0.0421799720266005, -0.32851451146562316, 0.9435566050652416, -0.030412017637595174], [0.0, 0.0, 0.0, 1.0]]","[[0.4823971390724182, -0.8759520649909973, 0.0009622626239433885, -0.21443450450897217], [0.6679399013519287, 0.3671312630176544, -0.6473568081855774, 1.3839038610458374], [0.566700279712677, 0.312925785779953, 0.7621864676475525, -0.09972468763589859], [0.0, 0.0, 0.0, 1.0]]","[[0.6219035387039185, 0.7830833792686462, 0.00403663981705904, 0.18785065412521362], [-0.5284002423286438, 0.42343437671661377, -0.7358644008636475, 1.3878332376480103], [-0.57795250415802, 0.4555037021636963, 0.6771168112754822, -0.13832616806030273], [0.0, 0.0, 0.0, 1.0]]"
"[[0.9988673925196311, -0.0346786558634951, 0.03257860233996902, -0.005634774416129558], [0.022018731384782577, 0.943862082302607, 0.3296051670316918, 1.7361483880416226], [-0.0421799720266005, -0.32851451146562316, 0.9435566050652416, -0.030412017637595174], [0.0, 0.0, 0.0, 1.0]]","[[0.4855400323867798, -0.8742074370384216, -0.003494448261335492, -0.21492716670036316], [0.6706826090812683, 0.3750591278076172, -0.6399339437484741, 1.3840066194534302], [0.5607456564903259, 0.30836987495422363, 0.7684219479560852, -0.099652498960495], [0.0, 0.0, 0.0, 1.0]]","[[0.6196863055229187, 0.7847986221313477, 0.0089428024366498, 0.18793752789497375], [-0.5257611274719238, 0.4235531687736511, -0.7376841306686401, 1.3872591257095337], [-0.5827212929725647, 0.45243096351623535, 0.6750867366790771, -0.1397848129272461], [0.0, 0.0, 0.0, 1.0]]"
"[[0.9988818764457617, -0.032912607518777955, 0.03393786381061812, -0.005614363703124964], [0.020276455925955717, 0.9467427743594173, 0.3213517405629513, 1.7369595292506474], [-0.04270695169393282, -0.32030427078005147, 0.9463515864960796, -0.0320711120301398], [0.0, 0.0, 0.0, 1.0]]","[[0.4855400323867798, -0.8742074370384216, -0.003494448261335492, -0.21492716670036316], [0.6706826090812683, 0.3750591278076172, -0.6399339437484741, 1.3840066194534302], [0.5607456564903259, 0.30836987495422363, 0.7684219479560852, -0.099652498960495], [0.0, 0.0, 0.0, 1.0]]","[[0.6196863055229187, 0.7847986221313477, 0.0089428024366498, 0.18793752789497375], [-0.5257611274719238, 0.4235531687736511, -0.7376841306686401, 1.3872591257095337], [-0.5827212929725647, 0.45243096351623535, 0.6750867366790771, -0.1397848129272461], [0.0, 0.0, 0.0, 1.0]]"
"[[0.9989163279411946, -0.0320556679063219, 0.03374277055638881, -0.005590662327443844], [0.019613078490577317, 0.9474107635481086, 0.3194184041469872, 1.7372795237781582], [-0.042207434769691486, -0.3184104525596323, 0.9470128404800031, -0.03260271205158734], [0.0, 0.0, 0.0, 1.0]]","[[0.5150206685066223, -0.8571494221687317, -0.006954936310648918, -0.21565577387809753], [0.6622730493545532, 0.4030536711215973, -0.6316184401512146, 1.3841328620910645], [0.5441946983337402, 0.32069042325019836, 0.775248110294342, -0.09926542639732361], [0.0, 0.0, 0.0, 1.0]]","[[0.6137570738792419, 0.789251983165741, 0.019581478089094162, 0.18761247396469116], [-0.5371565818786621, 0.435636430978775, -0.7222766876220703, 1.3874562978744507], [-0.5785887837409973, 0.4327840507030487, 0.691326916217804, -0.14147979021072388], [0.0, 0.0, 0.0, 1.0]]"
"[[0.99898880712154, -0.02964502530600713, 0.03380190406432541, -0.005471413372045699], [0.01745719505045723, 0.948596418254402, 0.3160065124648768, 1.737887215323709], [-0.04143238614806741, -0.31509688395083363, 0.9481546876054994, -0.03322024363105244], [0.0, 0.0, 0.0, 1.0]]","[[0.5150206685066223, -0.8571494221687317, -0.006954936310648918, -0.21565577387809753], [0.6622730493545532, 0.4030536711215973, -0.6316184401512146, 1.3841328620910645], [0.5441946983337402, 0.32069042325019836, 0.775248110294342, -0.09926542639732361], [0.0, 0.0, 0.0, 1.0]]","[[0.6137570738792419, 0.789251983165741, 0.019581478089094162, 0.18761247396469116], [-0.5371565818786621, 0.435636430978775, -0.7222766876220703, 1.3874562978744507], [-0.5785887837409973, 0.4327840507030487, 0.691326916217804, -0.14147979021072388], [0.0, 0.0, 0.0, 1.0]]"
"[[0.999108076085728, -0.026600843893369305, 0.032794478801820764, -0.005349678899009402], [0.015113680025557415, 0.950453459013723, 0.31049933665587803, 1.7386837960386659], [-0.03942916962709621, -0.30972674853012677, 0.950007737889172, -0.03388213834017573], [0.0, 0.0, 0.0, 1.0]]","[[0.5150206685066223, -0.8571494221687317, -0.006954936310648918, -0.21565577387809753], [0.6622730493545532, 0.4030536711215973, -0.6316184401512146, 1.3841328620910645], [0.5441946983337402, 0.32069042325019836, 0.775248110294342, -0.09926542639732361], [0.0, 0.0, 0.0, 1.0]]","[[0.6137570738792419, 0.789251983165741, 0.019581478089094162, 0.18761247396469116], [-0.5371565818786621, 0.435636430978775, -0.7222766876220703, 1.3874562978744507], [-0.5785887837409973, 0.4327840507030487, 0.691326916217804, -0.14147979021072388], [0.0, 0.0, 0.0, 1.0]]"
"[[0.999108076085728, -0.026600843893369305, 0.032794478801820764, -0.005349678899009402], [0.015113680025557415, 0.950453459013723, 0.31049933665587803, 1.7386837960386659], [-0.03942916962709621, -0.30972674853012677, 0.950007737889172, -0.03388213834017573], [0.0, 0.0, 0.0, 1.0]]","[[0.5028073787689209, -0.8643707036972046, -0.0069358753971755505, -0.21612393856048584], [0.6691985130310059, 0.39432886242866516, -0.6298239231109619, 1.3837130069732666], [0.5471363067626953, 0.3120386302471161, 0.7767069935798645, -0.09928873181343079], [0.0, 0.0, 0.0, 1.0]]","[[0.6148792505264282, 0.7884088158607483, 0.018301578238606453, 0.1873263716697693], [-0.5420275330543518, 0.43935588002204895, -0.7163605690002441, 1.3871556520462036], [-0.5728259086608887, 0.4305552840232849, 0.6974901556968689, -0.14254692196846008], [0.0, 0.0, 0.0, 1.0]]"
"[[0.999198794378882, -0.02419051708064488, 0.031884007547851624, -0.005166624005974581], [0.01345982222475597, 0.9533673532169387, 0.30151203505975416, 1.739433038032699], [-0.037690903599504416, -0.3008412993671259, 0.9529291383924651, -0.0346036952819844], [0.0, 0.0, 0.0, 1.0]]","[[0.5028073787689209, -0.8643707036972046, -0.0069358753971755505, -0.21612393856048584], [0.6691985130310059, 0.39432886242866516, -0.6298239231109619, 1.3837130069732666], [0.5471363067626953, 0.3120386302471161, 0.7767069935798645, -0.09928873181343079], [0.0, 0.0, 0.0, 1.0]]","[[0.6148792505264282, 0.7884088158607483, 0.018301578238606453, 0.1873263716697693], [-0.5420275330543518, 0.43935588002204895, -0.7163605690002441, 1.3871556520462036], [-0.5728259086608887, 0.4305552840232849, 0.6974901556968689, -0.14254692196846008], [0.0, 0.0, 0.0, 1.0]]"
"[[0.9993058442669684, -0.021107114321448704, 0.030697205077566993, -0.004946004227259481], [0.011136495106957077, 0.9555817237568538, 0.29451569622747015, 1.7403056683797202], [-0.03555006629630102, -0.2939693956971972, 0.9551534662023045, -0.035303438711156335], [0.0, 0.0, 0.0, 1.0]]","[[0.5028073787689209, -0.8643707036972046, -0.0069358753971755505, -0.21612393856048584], [0.6691985130310059, 0.39432886242866516, -0.6298239231109619, 1.3837130069732666], [0.5471363067626953, 0.3120386302471161, 0.7767069935798645, -0.09928873181343079], [0.0, 0.0, 0.0, 1.0]]","[[0.6148792505264282, 0.7884088158607483, 0.018301578238606453, 0.1873263716697693], [-0.5420275330543518, 0.43935588002204895, -0.7163605690002441, 1.3871556520462036], [-0.5728259086608887, 0.4305552840232849, 0.6974901556968689, -0.14254692196846008], [0.0, 0.0, 0.0, 1.0]]"
"[[0.9995070099969204, -0.014644020948488492, 0.027771657827737214, -0.004372158135856285], [0.0062602723353316556, 0.959754347935953, 0.28077101752430644, 1.7420919991830173], [-0.03076558696901572, -0.2804587478908852, 0.9593728779286742, -0.0365987475971932], [0.0, 0.0, 0.0, 1.0]]","[[0.4938961863517761, -0.8694747686386108, -0.00895271822810173, -0.21611618995666504], [0.6735671758651733, 0.3890836238861084, -0.6284275054931641, 1.3838024139404297], [0.5498852133750916, 0.3043476641178131, 0.7778165936470032, -0.09938942641019821], [0.0, 0.0, 0.0, 1.0]]","[[0.6230538487434387, 0.7816120386123657, 0.02977598085999489, 0.18729177117347717], [-0.5318971872329712, 0.451293021440506, -0.7165334224700928, 1.3857460021972656], [-0.5734887719154358, 0.43060117959976196, 0.6969169974327087, -0.14479240775108337], [0.0, 0.0, 0.0, 1.0]]"
"[[0.9996740221795783, -0.008061357748081003, 0.024226482247566766, -0.0036664843952898146], [0.001262920585143354, 0.9632997547751102, 0.2684250599389657, 1.7437262420784259], [-0.02550123516693158, -0.2683069580549612, 0.9629958833247902, -0.03776067128912873], [0.0, 0.0, 0.0, 1.0]]","[[0.4938961863517761, -0.8694747686386108, -0.00895271822810173, -0.21611618995666504], [0.6735671758651733, 0.3890836238861084, -0.6284275054931641, 1.3838024139404297], [0.5498852133750916, 0.3043476641178131, 0.7778165936470032, -0.09938942641019821], [0.0, 0.0, 0.0, 1.0]]","[[0.6230538487434387, 0.7816120386123657, 0.02977598085999489, 0.18729177117347717], [-0.5318971872329712, 0.451293021440506, -0.7165334224700928, 1.3857460021972656], [-0.5734887719154358, 0.43060117959976196, 0.6969169974327087, -0.14479240775108337], [0.0, 0.0, 0.0, 1.0]]"
