Head Pose,Left Arm Pose,Right Arm Pose
"[[0.0, 0.0, 0.0, 0.0], [0.0, 0.0, 0.0, 0.0], [0.0, 0.0, 0.0, 0.0], [0.0, 0.0, 0.0, 0.0]]","[[0.0, 0.0, 0.0, 0.0], [0.0, 0.0, 0.0, 0.0], [0.0, 0.0, 0.0, 0.0], [0.0, 0.0, 0.0, 0.0]]","[[0.0, 0.0, 0.0, 0.0], [0.0, 0.0, 0.0, 0.0], [0.0, 0.0, 0.0, 0.0], [0.0, 0.0, 0.0, 0.0]]"
"[[0.9999999403953567, -0.0002778674307375954, 0.0001099135242980208, 0.002740436760622743], [0.00028020786059985026, 0.9997601509012511, -0.02189974263261572, -0.0038945998171074827], [-0.000103801934514637, 0.021899773180973386, 0.9997601509175952, 0.021636983792552442], [0.0, 0.0, 0.0, 1.0]]","[[0.0, 0.0, 0.0, 0.0], [0.0, 0.0, 0.0, 0.0], [0.0, 0.0, 0.0, 0.0], [0.0, 0.0, 0.0, 0.0]]","[[0.0, 0.0, 0.0, 0.0], [0.0, 0.0, 0.0, 0.0], [0.0, 0.0, 0.0, 0.0], [0.0, 0.0, 0.0, 0.0]]"
"[[0.9977411032703971, 0.06308037215533659, 0.023099647379317318, 0.03878690425676404], [-0.06285051083502366, 0.9979672430844216, -0.01054595960148785, 1.54701490175975], [-0.023717934721312495, 0.00907031269899395, 0.9996775388832911, -0.16446599735059478], [0.0, 0.0, 0.0, 1.0]]","[[0.21018987894058228, -0.9692329168319702, 0.1280927211046219, -0.24510958790779114], [0.5280956625938416, 0.22281897068023682, 0.8194307088851929, 0.7917505502700806], [-0.8227607011795044, -0.10459081083536148, 0.5586820244789124, -0.07862801849842072], [0.0, 0.0, 0.0, 1.0]]","[[0.5198733806610107, 0.8476281762123108, 0.10610491782426834, 0.15456876158714294], [-0.1923927664756775, 0.2371971607208252, -0.9522199034690857, 1.1913726329803467], [-0.8322961330413818, 0.4746200144290924, 0.28638994693756104, -0.3136765658855438], [0.0, 0.0, 0.0, 1.0]]"
"[[0.9977411032703971, 0.06308037215533659, 0.023099647379317318, 0.03878690425676404], [-0.06285051083502366, 0.9979672430844216, -0.01054595960148785, 1.54701490175975], [-0.023717934721312495, 0.00907031269899395, 0.9996775388832911, -0.16446599735059478], [0.0, 0.0, 0.0, 1.0]]","[[0.1867770552635193, -0.9669803977012634, 0.17338773608207703, -0.25431185960769653], [0.3781192898750305, 0.2336573451757431, 0.8957846164703369, 0.7962798476219177], [-0.906719446182251, -0.10175076127052307, 0.40927577018737793, -0.054454952478408813], [0.0, 0.0, 0.0, 1.0]]","[[0.5134772062301636, 0.8534142374992371, 0.08958517760038376, 0.15074843168258667], [-0.22438502311706543, 0.2343016415834427, -0.945914626121521, 1.213818073272705], [-0.8282467722892761, 0.46560418605804443, 0.3118017911911011, -0.30854588747024536], [0.0, 0.0, 0.0, 1.0]]"
"[[0.997925520008967, 0.057970606443859804, 0.028000581119394918, 0.04085593768014351], [-0.05759810590984656, 0.9982426166175307, -0.013932208695010733, 1.558268668100103], [-0.028759031515383136, 0.012290526017053537, 0.9995108246507932, -0.15928180438513634], [0.0, 0.0, 0.0, 1.0]]","[[0.1867770552635193, -0.9669803977012634, 0.17338773608207703, -0.25431185960769653], [0.3781192898750305, 0.2336573451757431, 0.8957846164703369, 0.7962798476219177], [-0.906719446182251, -0.10175076127052307, 0.40927577018737793, -0.054454952478408813], [0.0, 0.0, 0.0, 1.0]]","[[0.5134772062301636, 0.8534142374992371, 0.08958517760038376, 0.15074843168258667], [-0.22438502311706543, 0.2343016415834427, -0.945914626121521, 1.213818073272705], [-0.8282467722892761, 0.46560418605804443, 0.3118017911911011, -0.30854588747024536], [0.0, 0.0, 0.0, 1.0]]"
"[[0.9980866908225037, 0.05190621966910577, 0.03359677551080785, 0.043184152626876735], [-0.05141680409717351, 0.9985604882782181, -0.015271599775756498, 1.5659013669497537], [-0.034341105243662996, 0.013514941186999183, 0.9993187785399519, -0.15365606709393836], [0.0, 0.0, 0.0, 1.0]]","[[0.1867770552635193, -0.9669803977012634, 0.17338773608207703, -0.25431185960769653], [0.3781192898750305, 0.2336573451757431, 0.8957846164703369, 0.7962798476219177], [-0.906719446182251, -0.10175076127052307, 0.40927577018737793, -0.054454952478408813], [0.0, 0.0, 0.0, 1.0]]","[[0.5134772062301636, 0.8534142374992371, 0.08958517760038376, 0.15074843168258667], [-0.22438502311706543, 0.2343016415834427, -0.945914626121521, 1.213818073272705], [-0.8282467722892761, 0.46560418605804443, 0.3118017911911011, -0.30854588747024536], [0.0, 0.0, 0.0, 1.0]]"
"[[0.998186647823148, 0.04554097651735829, 0.03936265321761054, 0.04600804711291867], [-0.04496673197253659, 0.998870492010288, -0.015353279713877784, 1.570811157484007], [-0.04001739708394133, 0.013555429350248248, 0.9991070032525772, -0.14751521833588382], [0.0, 0.0, 0.0, 1.0]]","[[0.1867770552635193, -0.9669803977012634, 0.17338773608207703, -0.25431185960769653], [0.3781192898750305, 0.2336573451757431, 0.8957846164703369, 0.7962798476219177], [-0.906719446182251, -0.10175076127052307, 0.40927577018737793, -0.054454952478408813], [0.0, 0.0, 0.0, 1.0]]","[[0.5134772062301636, 0.8534142374992371, 0.08958517760038376, 0.15074843168258667], [-0.22438502311706543, 0.2343016415834427, -0.945914626121521, 1.213818073272705], [-0.8282467722892761, 0.46560418605804443, 0.3118017911911011, -0.30854588747024536], [0.0, 0.0, 0.0, 1.0]]"
"[[0.9982022047664862, 0.03906662198882271, 0.04545447585701716, 0.04923123512672175], [-0.038495672911594746, 0.9991693495957115, -0.01336946307169287, 1.5748166840677196], [-0.04593901725888478, 0.011595627605449283, 0.9988769292951359, -0.141453537463215], [0.0, 0.0, 0.0, 1.0]]","[[0.1867770552635193, -0.9669803977012634, 0.17338773608207703, -0.25431185960769653], [0.3781192898750305, 0.2336573451757431, 0.8957846164703369, 0.7962798476219177], [-0.906719446182251, -0.10175076127052307, 0.40927577018737793, -0.054454952478408813], [0.0, 0.0, 0.0, 1.0]]","[[0.5134772062301636, 0.8534142374992371, 0.08958517760038376, 0.15074843168258667], [-0.22438502311706543, 0.2343016415834427, -0.945914626121521, 1.213818073272705], [-0.8282467722892761, 0.46560418605804443, 0.3118017911911011, -0.30854588747024536], [0.0, 0.0, 0.0, 1.0]]"
"[[0.9981710911158514, 0.03751844707443955, 0.047400988101558815, 0.05031944480706684], [-0.03693862464711428, 0.9992323517148254, -0.013049882630040815, 1.5760306127696422], [-0.04785421171824442, 0.011275088621148902, 0.9987906813903293, -0.1395508041141129], [0.0, 0.0, 0.0, 1.0]]","[[0.1867770552635193, -0.9669803977012634, 0.17338773608207703, -0.25431185960769653], [0.3781192898750305, 0.2336573451757431, 0.8957846164703369, 0.7962798476219177], [-0.906719446182251, -0.10175076127052307, 0.40927577018737793, -0.054454952478408813], [0.0, 0.0, 0.0, 1.0]]","[[0.5134772062301636, 0.8534142374992371, 0.08958517760038376, 0.15074843168258667], [-0.22438502311706543, 0.2343016415834427, -0.945914626121521, 1.213818073272705], [-0.8282467722892761, 0.46560418605804443, 0.3118017911911011, -0.30854588747024536], [0.0, 0.0, 0.0, 1.0]]"
"[[0.9980689286085457, 0.03342058769167096, 0.05235936727307022, 0.052617777569448715], [-0.032862012472742494, 0.9993938208032048, -0.011493179302714688, 1.5791287651615964], [-0.05271173778989137, 0.009750351022876871, 0.9985621572230906, -0.1335755941992454], [0.0, 0.0, 0.0, 1.0]]","[[0.1867770552635193, -0.9669803977012634, 0.17338773608207703, -0.25431185960769653], [0.3781192898750305, 0.2336573451757431, 0.8957846164703369, 0.7962798476219177], [-0.906719446182251, -0.10175076127052307, 0.40927577018737793, -0.054454952478408813], [0.0, 0.0, 0.0, 1.0]]","[[0.5134772062301636, 0.8534142374992371, 0.08958517760038376, 0.15074843168258667], [-0.22438502311706543, 0.2343016415834427, -0.945914626121521, 1.213818073272705], [-0.8282467722892761, 0.46560418605804443, 0.3118017911911011, -0.30854588747024536], [0.0, 0.0, 0.0, 1.0]]"
"[[0.9980193375568116, 0.03250009211586579, 0.05386252511829049, 0.05327931492481439], [-0.0319055279822482, 0.9994205236355709, -0.011862127823488323, 1.5800511712981762], [-0.05421683381706571, 0.010120121049030225, 0.9984778762911634, -0.13170720964796168], [0.0, 0.0, 0.0, 1.0]]","[[0.1867770552635193, -0.9669803977012634, 0.17338773608207703, -0.25431185960769653], [0.3781192898750305, 0.2336573451757431, 0.8957846164703369, 0.7962798476219177], [-0.906719446182251, -0.10175076127052307, 0.40927577018737793, -0.054454952478408813], [0.0, 0.0, 0.0, 1.0]]","[[0.5134772062301636, 0.8534142374992371, 0.08958517760038376, 0.15074843168258667], [-0.22438502311706543, 0.2343016415834427, -0.945914626121521, 1.213818073272705], [-0.8282467722892761, 0.46560418605804443, 0.3118017911911011, -0.30854588747024536], [0.0, 0.0, 0.0, 1.0]]"
"[[0.9979562163231404, 0.031849532869436606, 0.05539869520558809, 0.053947845711111816], [-0.03125500724019785, 0.9994445443304205, -0.011565482319419952, 1.5810928405316493], [-0.05573627721772698, 0.00981035821037951, 0.9983973503084786, -0.12929490562836393], [0.0, 0.0, 0.0, 1.0]]","[[0.1867770552635193, -0.9669803977012634, 0.17338773608207703, -0.25431185960769653], [0.3781192898750305, 0.2336573451757431, 0.8957846164703369, 0.7962798476219177], [-0.906719446182251, -0.10175076127052307, 0.40927577018737793, -0.054454952478408813], [0.0, 0.0, 0.0, 1.0]]","[[0.5134772062301636, 0.8534142374992371, 0.08958517760038376, 0.15074843168258667], [-0.22438502311706543, 0.2343016415834427, -0.945914626121521, 1.213818073272705], [-0.8282467722892761, 0.46560418605804443, 0.3118017911911011, -0.30854588747024536], [0.0, 0.0, 0.0, 1.0]]"
"[[0.9978133440600511, 0.030430864910349516, 0.058672522063444255, 0.05579434141851476], [-0.029872770984902722, 0.9994999766240817, -0.010365963947843457, 1.582415403379746], [-0.05895862648348991, 0.0085905864491354, 0.9982234835150865, -0.12550555690760568], [0.0, 0.0, 0.0, 1.0]]","[[0.1867770552635193, -0.9669803977012634, 0.17338773608207703, -0.25431185960769653], [0.3781192898750305, 0.2336573451757431, 0.8957846164703369, 0.7962798476219177], [-0.906719446182251, -0.10175076127052307, 0.40927577018737793, -0.054454952478408813], [0.0, 0.0, 0.0, 1.0]]","[[0.5134772062301636, 0.8534142374992371, 0.08958517760038376, 0.15074843168258667], [-0.22438502311706543, 0.2343016415834427, -0.945914626121521, 1.213818073272705], [-0.8282467722892761, 0.46560418605804443, 0.3118017911911011, -0.30854588747024536], [0.0, 0.0, 0.0, 1.0]]"
"[[0.997758030898004, 0.029848113614914358, 0.05989953143398803, 0.05678308145344872], [-0.02925141159832721, 0.9995135664952669, -0.010814164770775939, 1.582899434104911], [-0.0601931771834608, 0.009037774050599428, 0.998145818702516, -0.12393461928718397], [0.0, 0.0, 0.0, 1.0]]","[[0.1867770552635193, -0.9669803977012634, 0.17338773608207703, -0.25431185960769653], [0.3781192898750305, 0.2336573451757431, 0.8957846164703369, 0.7962798476219177], [-0.906719446182251, -0.10175076127052307, 0.40927577018737793, -0.054454952478408813], [0.0, 0.0, 0.0, 1.0]]","[[0.5134772062301636, 0.8534142374992371, 0.08958517760038376, 0.15074843168258667], [-0.22438502311706543, 0.2343016415834427, -0.945914626121521, 1.213818073272705], [-0.8282467722892761, 0.46560418605804443, 0.3118017911911011, -0.30854588747024536], [0.0, 0.0, 0.0, 1.0]]"
"[[0.9976832271178877, 0.0294790698276477, 0.06131216964807773, 0.05750400950870471], [-0.028917420463113307, 0.9995315074865591, -0.010027927366838925, 1.5832198550116188], [-0.061579058997962274, 0.00823170503432942, 0.9980682730174202, -0.12249719842136081], [0.0, 0.0, 0.0, 1.0]]","[[0.1867770552635193, -0.9669803977012634, 0.17338773608207703, -0.25431185960769653], [0.3781192898750305, 0.2336573451757431, 0.8957846164703369, 0.7962798476219177], [-0.906719446182251, -0.10175076127052307, 0.40927577018737793, -0.054454952478408813], [0.0, 0.0, 0.0, 1.0]]","[[0.5134772062301636, 0.8534142374992371, 0.08958517760038376, 0.15074843168258667], [-0.22438502311706543, 0.2343016415834427, -0.945914626121521, 1.213818073272705], [-0.8282467722892761, 0.46560418605804443, 0.3118017911911011, -0.30854588747024536], [0.0, 0.0, 0.0, 1.0]]"
"[[0.9975845814808784, 0.02890213173622414, 0.06316372188354305, 0.05947287720585495], [-0.028457904562408487, 0.9995635747999692, -0.007921517750332705, 1.5842587767415526], [-0.06336510745262332, 0.006104876829226866, 0.9979717134288438, -0.11918508965576742], [0.0, 0.0, 0.0, 1.0]]","[[0.1867770552635193, -0.9669803977012634, 0.17338773608207703, -0.25431185960769653], [0.3781192898750305, 0.2336573451757431, 0.8957846164703369, 0.7962798476219177], [-0.906719446182251, -0.10175076127052307, 0.40927577018737793, -0.054454952478408813], [0.0, 0.0, 0.0, 1.0]]","[[0.5134772062301636, 0.8534142374992371, 0.08958517760038376, 0.15074843168258667], [-0.22438502311706543, 0.2343016415834427, -0.945914626121521, 1.213818073272705], [-0.8282467722892761, 0.46560418605804443, 0.3118017911911011, -0.30854588747024536], [0.0, 0.0, 0.0, 1.0]]"
"[[0.9975479242922336, 0.02945899370562828, 0.06348494846454832, 0.06063016535782494], [-0.02895694073784553, 0.999541819104638, -0.008814054397436688, 1.5847431340924958], [-0.06371551345952775, 0.0069541117683622165, 0.9979438783907055, -0.11801006281379553], [0.0, 0.0, 0.0, 1.0]]","[[0.1867770552635193, -0.9669803977012634, 0.17338773608207703, -0.25431185960769653], [0.3781192898750305, 0.2336573451757431, 0.8957846164703369, 0.7962798476219177], [-0.906719446182251, -0.10175076127052307, 0.40927577018737793, -0.054454952478408813], [0.0, 0.0, 0.0, 1.0]]","[[0.5134772062301636, 0.8534142374992371, 0.08958517760038376, 0.15074843168258667], [-0.22438502311706543, 0.2343016415834427, -0.945914626121521, 1.213818073272705], [-0.8282467722892761, 0.46560418605804443, 0.3118017911911011, -0.30854588747024536], [0.0, 0.0, 0.0, 1.0]]"
"[[0.997513413556054, 0.030157329959711716, 0.06369827864925957, 0.061584370060166725], [-0.02965939745501552, 0.9995217919207519, -0.0087484194679401, 1.5855287131418778], [-0.06393164219100392, 0.0068374132955231585, 0.997930884249176, -0.11683699349078915], [0.0, 0.0, 0.0, 1.0]]","[[0.1867770552635193, -0.9669803977012634, 0.17338773608207703, -0.25431185960769653], [0.3781192898750305, 0.2336573451757431, 0.8957846164703369, 0.7962798476219177], [-0.906719446182251, -0.10175076127052307, 0.40927577018737793, -0.054454952478408813], [0.0, 0.0, 0.0, 1.0]]","[[0.5134772062301636, 0.8534142374992371, 0.08958517760038376, 0.15074843168258667], [-0.22438502311706543, 0.2343016415834427, -0.945914626121521, 1.213818073272705], [-0.8282467722892761, 0.46560418605804443, 0.3118017911911011, -0.30854588747024536], [0.0, 0.0, 0.0, 1.0]]"
"[[0.9974941016501786, 0.030612073189837868, 0.06378421414001514, 0.06232865572476333], [-0.0301262146762777, 0.9995093941894858, -0.008565348687581206, 1.5862246637944457], [-0.06401512545244165, 0.0066223078193148105, 0.9979269503088927, -0.11557040901850921], [0.0, 0.0, 0.0, 1.0]]","[[0.1867770552635193, -0.9669803977012634, 0.17338773608207703, -0.25431185960769653], [0.3781192898750305, 0.2336573451757431, 0.8957846164703369, 0.7962798476219177], [-0.906719446182251, -0.10175076127052307, 0.40927577018737793, -0.054454952478408813], [0.0, 0.0, 0.0, 1.0]]","[[0.5134772062301636, 0.8534142374992371, 0.08958517760038376, 0.15074843168258667], [-0.22438502311706543, 0.2343016415834427, -0.945914626121521, 1.213818073272705], [-0.8282467722892761, 0.46560418605804443, 0.3118017911911011, -0.30854588747024536], [0.0, 0.0, 0.0, 1.0]]"
"[[0.9974728228663449, 0.03127330473624763, 0.0637961958535774, 0.06301414160564334], [-0.0308088480774254, 0.9994912147738516, -0.008251372785756944, 1.5868712113782752], [-0.06402178509153299, 0.006265032509823682, 0.9979288575825441, -0.114348338004141], [0.0, 0.0, 0.0, 1.0]]","[[0.1867770552635193, -0.9669803977012634, 0.17338773608207703, -0.25431185960769653], [0.3781192898750305, 0.2336573451757431, 0.8957846164703369, 0.7962798476219177], [-0.906719446182251, -0.10175076127052307, 0.40927577018737793, -0.054454952478408813], [0.0, 0.0, 0.0, 1.0]]","[[0.5134772062301636, 0.8534142374992371, 0.08958517760038376, 0.15074843168258667], [-0.22438502311706543, 0.2343016415834427, -0.945914626121521, 1.213818073272705], [-0.8282467722892761, 0.46560418605804443, 0.3118017911911011, -0.30854588747024536], [0.0, 0.0, 0.0, 1.0]]"
"[[0.9974942207161895, 0.03295323609466744, 0.06260450164792407, 0.0653896706866625], [-0.0326144026303749, 0.9994473457381309, -0.006426772873591556, 1.5883547618798497], [-0.06278168429615628, 0.004368860434997902, 0.9980177283420032, -0.10928867459517703], [0.0, 0.0, 0.0, 1.0]]","[[0.1867770552635193, -0.9669803977012634, 0.17338773608207703, -0.25431185960769653], [0.3781192898750305, 0.2336573451757431, 0.8957846164703369, 0.7962798476219177], [-0.906719446182251, -0.10175076127052307, 0.40927577018737793, -0.054454952478408813], [0.0, 0.0, 0.0, 1.0]]","[[0.5134772062301636, 0.8534142374992371, 0.08958517760038376, 0.15074843168258667], [-0.22438502311706543, 0.2343016415834427, -0.945914626121521, 1.213818073272705], [-0.8282467722892761, 0.46560418605804443, 0.3118017911911011, -0.30854588747024536], [0.0, 0.0, 0.0, 1.0]]"
"[[0.9975181222058531, 0.032780370928093466, 0.06231420910458121, 0.06589236455528091], [-0.032534640960648974, 0.9994583130111545, -0.004954278218690634, 1.58851805279313], [-0.06244285726447553, 0.0029146117333878362, 0.998044311967511, -0.10803817408243004], [0.0, 0.0, 0.0, 1.0]]","[[0.1867770552635193, -0.9669803977012634, 0.17338773608207703, -0.25431185960769653], [0.3781192898750305, 0.2336573451757431, 0.8957846164703369, 0.7962798476219177], [-0.906719446182251, -0.10175076127052307, 0.40927577018737793, -0.054454952478408813], [0.0, 0.0, 0.0, 1.0]]","[[0.5134772062301636, 0.8534142374992371, 0.08958517760038376, 0.15074843168258667], [-0.22438502311706543, 0.2343016415834427, -0.945914626121521, 1.213818073272705], [-0.8282467722892761, 0.46560418605804443, 0.3118017911911011, -0.30854588747024536], [0.0, 0.0, 0.0, 1.0]]"
"[[0.9976415038228275, 0.03068617566241901, 0.06139831626250314, 0.06659317995905593], [-0.030871746849873843, 0.9995211958819087, 0.002075853264143594, 1.5887700231981552], [-0.06130521735713911, -0.003966430695543162, 0.998111188406372, -0.10413057206091476], [0.0, 0.0, 0.0, 1.0]]","[[0.1867770552635193, -0.9669803977012634, 0.17338773608207703, -0.25431185960769653], [0.3781192898750305, 0.2336573451757431, 0.8957846164703369, 0.7962798476219177], [-0.906719446182251, -0.10175076127052307, 0.40927577018737793, -0.054454952478408813], [0.0, 0.0, 0.0, 1.0]]","[[0.5134772062301636, 0.8534142374992371, 0.08958517760038376, 0.15074843168258667], [-0.22438502311706543, 0.2343016415834427, -0.945914626121521, 1.213818073272705], [-0.8282467722892761, 0.46560418605804443, 0.3118017911911011, -0.30854588747024536], [0.0, 0.0, 0.0, 1.0]]"
"[[0.997690200679931, 0.02998027035906535, 0.06095478096428043, 0.06684048070056216], [-0.030347209256742173, 0.9995263814875388, 0.005102804386834657, 1.5888723690142956], [-0.06077293148813132, -0.006940825386126484, 0.9981274606109323, -0.1028096016765293], [0.0, 0.0, 0.0, 1.0]]","[[0.1867770552635193, -0.9669803977012634, 0.17338773608207703, -0.25431185960769653], [0.3781192898750305, 0.2336573451757431, 0.8957846164703369, 0.7962798476219177], [-0.906719446182251, -0.10175076127052307, 0.40927577018737793, -0.054454952478408813], [0.0, 0.0, 0.0, 1.0]]","[[0.5134772062301636, 0.8534142374992371, 0.08958517760038376, 0.15074843168258667], [-0.22438502311706543, 0.2343016415834427, -0.945914626121521, 1.213818073272705], [-0.8282467722892761, 0.46560418605804443, 0.3118017911911011, -0.30854588747024536], [0.0, 0.0, 0.0, 1.0]]"
"[[0.9978308081550777, 0.02922499737867434, 0.05898784833473824, 0.06753638871966172], [-0.03025747463873307, 0.9994028210657112, 0.016686393028906378, 1.5896267197555345], [-0.058464963115027954, -0.018435019918867555, 0.998119235044848, -0.09910233457012943], [0.0, 0.0, 0.0, 1.0]]","[[0.1867770552635193, -0.9669803977012634, 0.17338773608207703, -0.25431185960769653], [0.3781192898750305, 0.2336573451757431, 0.8957846164703369, 0.7962798476219177], [-0.906719446182251, -0.10175076127052307, 0.40927577018737793, -0.054454952478408813], [0.0, 0.0, 0.0, 1.0]]","[[0.5134772062301636, 0.8534142374992371, 0.08958517760038376, 0.15074843168258667], [-0.22438502311706543, 0.2343016415834427, -0.945914626121521, 1.213818073272705], [-0.8282467722892761, 0.46560418605804443, 0.3118017911911011, -0.30854588747024536], [0.0, 0.0, 0.0, 1.0]]"
"[[0.9978722333924852, 0.02964049732254243, 0.05807320421064512, 0.06765105135992325], [-0.030906373952167276, 0.9993011951476078, 0.021022207751724753, 1.5900349018109683], [-0.05740951354181155, -0.022772308722283807, 0.9980909824314683, -0.09787966350165235], [0.0, 0.0, 0.0, 1.0]]","[[0.1867770552635193, -0.9669803977012634, 0.17338773608207703, -0.25431185960769653], [0.3781192898750305, 0.2336573451757431, 0.8957846164703369, 0.7962798476219177], [-0.906719446182251, -0.10175076127052307, 0.40927577018737793, -0.054454952478408813], [0.0, 0.0, 0.0, 1.0]]","[[0.5134772062301636, 0.8534142374992371, 0.08958517760038376, 0.15074843168258667], [-0.22438502311706543, 0.2343016415834427, -0.945914626121521, 1.213818073272705], [-0.8282467722892761, 0.46560418605804443, 0.3118017911911011, -0.30854588747024536], [0.0, 0.0, 0.0, 1.0]]"
"[[0.9979346393489101, 0.030634687066738407, 0.05646233138505421, 0.06772654665052909], [-0.032093909784491274, 0.9991691112925136, 0.025121003594666177, 1.5904869437291647], [-0.05564584332641162, -0.02688121588859017, 0.9980886579199076, -0.09665732002222317], [0.0, 0.0, 0.0, 1.0]]","[[0.1867770552635193, -0.9669803977012634, 0.17338773608207703, -0.25431185960769653], [0.3781192898750305, 0.2336573451757431, 0.8957846164703369, 0.7962798476219177], [-0.906719446182251, -0.10175076127052307, 0.40927577018737793, -0.054454952478408813], [0.0, 0.0, 0.0, 1.0]]","[[0.5134772062301636, 0.8534142374992371, 0.08958517760038376, 0.15074843168258667], [-0.22438502311706543, 0.2343016415834427, -0.945914626121521, 1.213818073272705], [-0.8282467722892761, 0.46560418605804443, 0.3118017911911011, -0.30854588747024536], [0.0, 0.0, 0.0, 1.0]]"
"[[0.9980038404848203, 0.031070803873065402, 0.05498164611691188, 0.0676356359070578], [-0.03269112145173223, 0.9990499019602836, 0.028820171530748787, 1.5908263957282138], [-0.05403394160038282, -0.03056005244383672, 0.9980713724704808, -0.09539221470156473], [0.0, 0.0, 0.0, 1.0]]","[[0.1867770552635193, -0.9669803977012634, 0.17338773608207703, -0.25431185960769653], [0.3781192898750305, 0.2336573451757431, 0.8957846164703369, 0.7962798476219177], [-0.906719446182251, -0.10175076127052307, 0.40927577018737793, -0.054454952478408813], [0.0, 0.0, 0.0, 1.0]]","[[0.5134772062301636, 0.8534142374992371, 0.08958517760038376, 0.15074843168258667], [-0.22438502311706543, 0.2343016415834427, -0.945914626121521, 1.213818073272705], [-0.8282467722892761, 0.46560418605804443, 0.3118017911911011, -0.30854588747024536], [0.0, 0.0, 0.0, 1.0]]"
"[[0.998079002021388, 0.03147568263678223, 0.05336234518561845, 0.06727808816082391], [-0.033253147372916673, 0.9989100694437996, 0.03275518503934643, 1.5909776099121464], [-0.05227318978633406, -0.0344667284473727, 0.9980378746024308, -0.09399076294920276], [0.0, 0.0, 0.0, 1.0]]","[[0.1867770552635193, -0.9669803977012634, 0.17338773608207703, -0.25431185960769653], [0.3781192898750305, 0.2336573451757431, 0.8957846164703369, 0.7962798476219177], [-0.906719446182251, -0.10175076127052307, 0.40927577018737793, -0.054454952478408813], [0.0, 0.0, 0.0, 1.0]]","[[0.5134772062301636, 0.8534142374992371, 0.08958517760038376, 0.15074843168258667], [-0.22438502311706543, 0.2343016415834427, -0.945914626121521, 1.213818073272705], [-0.8282467722892761, 0.46560418605804443, 0.3118017911911011, -0.30854588747024536], [0.0, 0.0, 0.0, 1.0]]"
"[[0.9982448816682206, 0.032237965880274666, 0.04967712671152791, 0.06748177310374864], [-0.03427937600171577, 0.9985789656374209, 0.040804702367839875, 1.5911331958014316], [-0.048291071647484696, -0.04243598920458789, 0.9979314207903106, -0.09160155694227942], [0.0, 0.0, 0.0, 1.0]]","[[0.1867770552635193, -0.9669803977012634, 0.17338773608207703, -0.25431185960769653], [0.3781192898750305, 0.2336573451757431, 0.8957846164703369, 0.7962798476219177], [-0.906719446182251, -0.10175076127052307, 0.40927577018737793, -0.054454952478408813], [0.0, 0.0, 0.0, 1.0]]","[[0.5134772062301636, 0.8534142374992371, 0.08958517760038376, 0.15074843168258667], [-0.22438502311706543, 0.2343016415834427, -0.945914626121521, 1.213818073272705], [-0.8282467722892761, 0.46560418605804443, 0.3118017911911011, -0.30854588747024536], [0.0, 0.0, 0.0, 1.0]]"
"[[0.9983477592070733, 0.032468523878361445, 0.047408766143315045, 0.06732117119046598], [-0.03458781535575225, 0.9984065294238477, 0.04458841306443509, 1.5913288212556327], [-0.045885500468022616, -0.04615450652961436, 0.9978799224339208, -0.09056317793202635], [0.0, 0.0, 0.0, 1.0]]","[[0.1867770552635193, -0.9669803977012634, 0.17338773608207703, -0.25431185960769653], [0.3781192898750305, 0.2336573451757431, 0.8957846164703369, 0.7962798476219177], [-0.906719446182251, -0.10175076127052307, 0.40927577018737793, -0.054454952478408813], [0.0, 0.0, 0.0, 1.0]]","[[0.5134772062301636, 0.8534142374992371, 0.08958517760038376, 0.15074843168258667], [-0.22438502311706543, 0.2343016415834427, -0.945914626121521, 1.213818073272705], [-0.8282467722892761, 0.46560418605804443, 0.3118017911911011, -0.30854588747024536], [0.0, 0.0, 0.0, 1.0]]"
"[[0.9984592198969134, 0.032610785885738285, 0.0448966347972616, 0.06716096032496326], [-0.0347621806720029, 0.9982421397781256, 0.04800272700132505, 1.5914947991257233], [-0.04325230555732407, -0.04948947238980158, 0.9978376627738705, -0.08960621323525603], [0.0, 0.0, 0.0, 1.0]]","[[0.1867770552635193, -0.9669803977012634, 0.17338773608207703, -0.25431185960769653], [0.3781192898750305, 0.2336573451757431, 0.8957846164703369, 0.7962798476219177], [-0.906719446182251, -0.10175076127052307, 0.40927577018737793, -0.054454952478408813], [0.0, 0.0, 0.0, 1.0]]","[[0.5134772062301636, 0.8534142374992371, 0.08958517760038376, 0.15074843168258667], [-0.22438502311706543, 0.2343016415834427, -0.945914626121521, 1.213818073272705], [-0.8282467722892761, 0.46560418605804443, 0.3118017911911011, -0.30854588747024536], [0.0, 0.0, 0.0, 1.0]]"
"[[0.9987291693548737, 0.03257323445078483, 0.03845816052525745, 0.06678587165316459], [-0.03464730440381418, 0.9979094266521423, 0.054556369213827095, 1.591850897570631], [-0.03660068341523902, -0.055819511981241306, 0.9977697730579366, -0.0874843298415427], [0.0, 0.0, 0.0, 1.0]]","[[0.1867770552635193, -0.9669803977012634, 0.17338773608207703, -0.25431185960769653], [0.3781192898750305, 0.2336573451757431, 0.8957846164703369, 0.7962798476219177], [-0.906719446182251, -0.10175076127052307, 0.40927577018737793, -0.054454952478408813], [0.0, 0.0, 0.0, 1.0]]","[[0.5134772062301636, 0.8534142374992371, 0.08958517760038376, 0.15074843168258667], [-0.22438502311706543, 0.2343016415834427, -0.945914626121521, 1.213818073272705], [-0.8282467722892761, 0.46560418605804443, 0.3118017911911011, -0.30854588747024536], [0.0, 0.0, 0.0, 1.0]]"
"[[0.9989674687672213, 0.03228129873203912, 0.031966809521375456, 0.06575440371730573], [-0.034210912341597906, 0.9975033401521911, 0.061779255725758805, 1.5923674463865747], [-0.029892684553803662, -0.06280908106980967, 0.9975777865081312, -0.08532819925392893], [0.0, 0.0, 0.0, 1.0]]","[[0.1867770552635193, -0.9669803977012634, 0.17338773608207703, -0.25431185960769653], [0.3781192898750305, 0.2336573451757431, 0.8957846164703369, 0.7962798476219177], [-0.906719446182251, -0.10175076127052307, 0.40927577018737793, -0.054454952478408813], [0.0, 0.0, 0.0, 1.0]]","[[0.5134772062301636, 0.8534142374992371, 0.08958517760038376, 0.15074843168258667], [-0.22438502311706543, 0.2343016415834427, -0.945914626121521, 1.213818073272705], [-0.8282467722892761, 0.46560418605804443, 0.3118017911911011, -0.30854588747024536], [0.0, 0.0, 0.0, 1.0]]"
"[[0.9990952611214804, 0.03162173617140608, 0.028438627852856, 0.0652569308309859], [-0.033433060464698496, 0.9972824454734803, 0.06565049384554247, 1.5925936457261909], [-0.026285361365617443, -0.06654188688079493, 0.9974373578369321, -0.0843170714864195], [0.0, 0.0, 0.0, 1.0]]","[[0.1867770552635193, -0.9669803977012634, 0.17338773608207703, -0.25431185960769653], [0.3781192898750305, 0.2336573451757431, 0.8957846164703369, 0.7962798476219177], [-0.906719446182251, -0.10175076127052307, 0.40927577018737793, -0.054454952478408813], [0.0, 0.0, 0.0, 1.0]]","[[0.5134772062301636, 0.8534142374992371, 0.08958517760038376, 0.15074843168258667], [-0.22438502311706543, 0.2343016415834427, -0.945914626121521, 1.213818073272705], [-0.8282467722892761, 0.46560418605804443, 0.3118017911911011, -0.30854588747024536], [0.0, 0.0, 0.0, 1.0]]"
"[[0.9993320107403588, 0.029716146581842327, 0.021272449390482836, 0.06413702202623399], [-0.031177815577910516, 0.9969140885284172, 0.0720436096718417, 1.5932737595181632], [-0.019065945772934023, -0.07265871310924431, 0.9971746208277581, -0.08242563329927546], [0.0, 0.0, 0.0, 1.0]]","[[0.1867770552635193, -0.9669803977012634, 0.17338773608207703, -0.25431185960769653], [0.3781192898750305, 0.2336573451757431, 0.8957846164703369, 0.7962798476219177], [-0.906719446182251, -0.10175076127052307, 0.40927577018737793, -0.054454952478408813], [0.0, 0.0, 0.0, 1.0]]","[[0.5134772062301636, 0.8534142374992371, 0.08958517760038376, 0.15074843168258667], [-0.22438502311706543, 0.2343016415834427, -0.945914626121521, 1.213818073272705], [-0.8282467722892761, 0.46560418605804443, 0.3118017911911011, -0.30854588747024536], [0.0, 0.0, 0.0, 1.0]]"
"[[0.9994292259232971, 0.028835605876394037, 0.01759777406116503, 0.06307607840486337], [-0.030065499199680556, 0.9967922569791693, 0.07417018164634857, 1.593469042485233], [-0.015402582456567107, -0.07465693156480643, 0.9970903395129558, -0.08134313895305292], [0.0, 0.0, 0.0, 1.0]]","[[0.1867770552635193, -0.9669803977012634, 0.17338773608207703, -0.25431185960769653], [0.3781192898750305, 0.2336573451757431, 0.8957846164703369, 0.7962798476219177], [-0.906719446182251, -0.10175076127052307, 0.40927577018737793, -0.054454952478408813], [0.0, 0.0, 0.0, 1.0]]","[[0.5134772062301636, 0.8534142374992371, 0.08958517760038376, 0.15074843168258667], [-0.22438502311706543, 0.2343016415834427, -0.945914626121521, 1.213818073272705], [-0.8282467722892761, 0.46560418605804443, 0.3118017911911011, -0.30854588747024536], [0.0, 0.0, 0.0, 1.0]]"
"[[0.9995120167924461, 0.02801350758934827, 0.013817993869076759, 0.06293233035894392], [-0.028979060486308637, 0.9967252016338212, 0.07549220384434652, 1.5929675045414453], [-0.011657941210080588, -0.0758557984106164, 0.9970506429218953, -0.07962908037635613], [0.0, 0.0, 0.0, 1.0]]","[[0.1867770552635193, -0.9669803977012634, 0.17338773608207703, -0.25431185960769653], [0.3781192898750305, 0.2336573451757431, 0.8957846164703369, 0.7962798476219177], [-0.906719446182251, -0.10175076127052307, 0.40927577018737793, -0.054454952478408813], [0.0, 0.0, 0.0, 1.0]]","[[0.5134772062301636, 0.8534142374992371, 0.08958517760038376, 0.15074843168258667], [-0.22438502311706543, 0.2343016415834427, -0.945914626121521, 1.213818073272705], [-0.8282467722892761, 0.46560418605804443, 0.3118017911911011, -0.30854588747024536], [0.0, 0.0, 0.0, 1.0]]"
"[[0.9996263980701778, 0.026629471557787745, 0.006161023318401432, 0.06138125840129619], [-0.027023804036327523, 0.9966900945719815, 0.07667174300766484, 1.5929419108499925], [-0.0040989030007208835, -0.07680959144019585, 0.9970373510469631, -0.07750616697592311], [0.0, 0.0, 0.0, 1.0]]","[[0.1867770552635193, -0.9669803977012634, 0.17338773608207703, -0.25431185960769653], [0.3781192898750305, 0.2336573451757431, 0.8957846164703369, 0.7962798476219177], [-0.906719446182251, -0.10175076127052307, 0.40927577018737793, -0.054454952478408813], [0.0, 0.0, 0.0, 1.0]]","[[0.5134772062301636, 0.8534142374992371, 0.08958517760038376, 0.15074843168258667], [-0.22438502311706543, 0.2343016415834427, -0.945914626121521, 1.213818073272705], [-0.8282467722892761, 0.46560418605804443, 0.3118017911911011, -0.30854588747024536], [0.0, 0.0, 0.0, 1.0]]"
"[[0.9996727109020872, 0.02552555713689798, -0.0017209454604187378, 0.05940896696525354], [-0.025312198066349077, 0.9966016409211639, 0.07838670590873029, 1.5930905936010344], [0.0037159614798850053, -0.07831748893503887, 0.99692153955711, -0.07564148940153885], [0.0, 0.0, 0.0, 1.0]]","[[0.1867770552635193, -0.9669803977012634, 0.17338773608207703, -0.25431185960769653], [0.3781192898750305, 0.2336573451757431, 0.8957846164703369, 0.7962798476219177], [-0.906719446182251, -0.10175076127052307, 0.40927577018737793, -0.054454952478408813], [0.0, 0.0, 0.0, 1.0]]","[[0.5134772062301636, 0.8534142374992371, 0.08958517760038376, 0.15074843168258667], [-0.22438502311706543, 0.2343016415834427, -0.945914626121521, 1.213818073272705], [-0.8282467722892761, 0.46560418605804443, 0.3118017911911011, -0.30854588747024536], [0.0, 0.0, 0.0, 1.0]]"
"[[0.999660551556674, 0.025406439229170335, -0.005770848989096784, 0.05831595318084496], [-0.024870482832869044, 0.9965519903357511, 0.07915577085774793, 1.593081852931606], [0.007762017269077398, -0.07898538021284693, 0.9968455435490926, -0.07474481976527254], [0.0, 0.0, 0.0, 1.0]]","[[0.1867770552635193, -0.9669803977012634, 0.17338773608207703, -0.25431185960769653], [0.3781192898750305, 0.2336573451757431, 0.8957846164703369, 0.7962798476219177], [-0.906719446182251, -0.10175076127052307, 0.40927577018737793, -0.054454952478408813], [0.0, 0.0, 0.0, 1.0]]","[[0.5134772062301636, 0.8534142374992371, 0.08958517760038376, 0.15074843168258667], [-0.22438502311706543, 0.2343016415834427, -0.945914626121521, 1.213818073272705], [-0.8282467722892761, 0.46560418605804443, 0.3118017911911011, -0.30854588747024536], [0.0, 0.0, 0.0, 1.0]]"
"[[0.9996248483604357, 0.025640940126272122, -0.009626784259173765, 0.057423530909953835], [-0.024791142139343317, 0.9964942930238797, 0.07990299668401223, 1.5929783717418127], [0.011641823789384472, -0.07963436338812371, 0.9967561366122996, -0.07401349022689044], [0.0, 0.0, 0.0, 1.0]]","[[0.1867770552635193, -0.9669803977012634, 0.17338773608207703, -0.25431185960769653], [0.3781192898750305, 0.2336573451757431, 0.8957846164703369, 0.7962798476219177], [-0.906719446182251, -0.10175076127052307, 0.40927577018737793, -0.054454952478408813], [0.0, 0.0, 0.0, 1.0]]","[[0.5134772062301636, 0.8534142374992371, 0.08958517760038376, 0.15074843168258667], [-0.22438502311706543, 0.2343016415834427, -0.945914626121521, 1.213818073272705], [-0.8282467722892761, 0.46560418605804443, 0.3118017911911011, -0.30854588747024536], [0.0, 0.0, 0.0, 1.0]]"
"[[0.9994674324881229, 0.025293742961904533, -0.020616872045407922, 0.053601248026974586], [-0.02350411405442047, 0.9962845444447231, 0.08285298161903269, 1.5928553807382555], [0.02263593320249495, -0.08232427424987906, 0.9963485002861168, -0.07157028280760262], [0.0, 0.0, 0.0, 1.0]]","[[0.1867770552635193, -0.9669803977012634, 0.17338773608207703, -0.25431185960769653], [0.3781192898750305, 0.2336573451757431, 0.8957846164703369, 0.7962798476219177], [-0.906719446182251, -0.10175076127052307, 0.40927577018737793, -0.054454952478408813], [0.0, 0.0, 0.0, 1.0]]","[[0.5134772062301636, 0.8534142374992371, 0.08958517760038376, 0.15074843168258667], [-0.22438502311706543, 0.2343016415834427, -0.945914626121521, 1.213818073272705], [-0.8282467722892761, 0.46560418605804443, 0.3118017911911011, -0.30854588747024536], [0.0, 0.0, 0.0, 1.0]]"
"[[0.9993885755418817, 0.025342621067790644, -0.024088726710047196, 0.052220864281370384], [-0.023225199272604313, 0.9961572288064225, 0.08444765048282128, 1.5928477123210134], [0.026136283431683102, -0.08383654964907185, 0.996136725100624, -0.07077625621323308], [0.0, 0.0, 0.0, 1.0]]","[[0.1867770552635193, -0.9669803977012634, 0.17338773608207703, -0.25431185960769653], [0.3781192898750305, 0.2336573451757431, 0.8957846164703369, 0.7962798476219177], [-0.906719446182251, -0.10175076127052307, 0.40927577018737793, -0.054454952478408813], [0.0, 0.0, 0.0, 1.0]]","[[0.5134772062301636, 0.8534142374992371, 0.08958517760038376, 0.15074843168258667], [-0.22438502311706543, 0.2343016415834427, -0.945914626121521, 1.213818073272705], [-0.8282467722892761, 0.46560418605804443, 0.3118017911911011, -0.30854588747024536], [0.0, 0.0, 0.0, 1.0]]"
"[[0.9992852807301668, 0.025734654176334394, -0.027688188964542688, 0.05069636003285827], [-0.023260751259227764, 0.9960033296807992, 0.08623435277613226, 1.5927157350156376], [0.029796737691345884, -0.08552867244807659, 0.9958900809764689, -0.07006361922687215], [0.0, 0.0, 0.0, 1.0]]","[[0.1867770552635193, -0.9669803977012634, 0.17338773608207703, -0.25431185960769653], [0.3781192898750305, 0.2336573451757431, 0.8957846164703369, 0.7962798476219177], [-0.906719446182251, -0.10175076127052307, 0.40927577018737793, -0.054454952478408813], [0.0, 0.0, 0.0, 1.0]]","[[0.5134772062301636, 0.8534142374992371, 0.08958517760038376, 0.15074843168258667], [-0.22438502311706543, 0.2343016415834427, -0.945914626121521, 1.213818073272705], [-0.8282467722892761, 0.46560418605804443, 0.3118017911911011, -0.30854588747024536], [0.0, 0.0, 0.0, 1.0]]"
"[[0.998990774185281, 0.027536623438410623, -0.03548516397426913, 0.047539095978211134], [-0.024257952088899748, 0.9956710339977463, 0.08972616657048459, 1.5904038061011554], [0.037802304429308736, -0.0887748135682941, 0.9953341482367999, -0.06776745770839263], [0.0, 0.0, 0.0, 1.0]]","[[0.1867770552635193, -0.9669803977012634, 0.17338773608207703, -0.25431185960769653], [0.3781192898750305, 0.2336573451757431, 0.8957846164703369, 0.7962798476219177], [-0.906719446182251, -0.10175076127052307, 0.40927577018737793, -0.054454952478408813], [0.0, 0.0, 0.0, 1.0]]","[[0.5134772062301636, 0.8534142374992371, 0.08958517760038376, 0.15074843168258667], [-0.22438502311706543, 0.2343016415834427, -0.945914626121521, 1.213818073272705], [-0.8282467722892761, 0.46560418605804443, 0.3118017911911011, -0.30854588747024536], [0.0, 0.0, 0.0, 1.0]]"
"[[0.9986467957568533, 0.03330759703974257, -0.039940133862801624, 0.04867170465228676], [-0.03067799843986503, 0.997430801460239, 0.0647353615223007, 1.5838014943633536], [0.041993699795893576, -0.06342247765673831, 0.9971028565591262, -0.04831713093920962], [0.0, 0.0, 0.0, 1.0]]","[[0.1867770552635193, -0.9669803977012634, 0.17338773608207703, -0.25431185960769653], [0.3781192898750305, 0.2336573451757431, 0.8957846164703369, 0.7962798476219177], [-0.906719446182251, -0.10175076127052307, 0.40927577018737793, -0.054454952478408813], [0.0, 0.0, 0.0, 1.0]]","[[0.5134772062301636, 0.8534142374992371, 0.08958517760038376, 0.15074843168258667], [-0.22438502311706543, 0.2343016415834427, -0.945914626121521, 1.213818073272705], [-0.8282467722892761, 0.46560418605804443, 0.3118017911911011, -0.30854588747024536], [0.0, 0.0, 0.0, 1.0]]"
"[[0.998484313559657, 0.03312441479811305, -0.043952484292929125, 0.055679694350304815], [-0.02974641177406677, 0.9967094659473128, 0.07540167143552193, 1.5911031235266277], [0.04630549191122778, -0.07397995868713961, 0.996184110599113, -0.06950640805277244], [0.0, 0.0, 0.0, 1.0]]","[[0.1867770552635193, -0.9669803977012634, 0.17338773608207703, -0.25431185960769653], [0.3781192898750305, 0.2336573451757431, 0.8957846164703369, 0.7962798476219177], [-0.906719446182251, -0.10175076127052307, 0.40927577018737793, -0.054454952478408813], [0.0, 0.0, 0.0, 1.0]]","[[0.5134772062301636, 0.8534142374992371, 0.08958517760038376, 0.15074843168258667], [-0.22438502311706543, 0.2343016415834427, -0.945914626121521, 1.213818073272705], [-0.8282467722892761, 0.46560418605804443, 0.3118017911911011, -0.30854588747024536], [0.0, 0.0, 0.0, 1.0]]"
